TABLE NO.     1: First Order Conditional Estimation with Interaction: Problem=1 Subproblem=0 Superproblem1=0 Iteration1=0 Superproblem2=0 Iteration2=0
 NAME         THETA1       THETA2       THETA3       THETA4       THETA5       THETA6       THETA7       SIGMA(1,1)   SIGMA(2,1)   SIGMA(2,2)   OMEGA(1,1)   OMEGA(2,1)   OMEGA(2,2)   OMEGA(3,1)   OMEGA(3,2)   OMEGA(3,3)
 THETA1        8.45055E+00 -2.88987E+00 -5.43803E+02  1.09974E+01  2.80560E-03  2.99357E+01  1.34118E+01 -3.33467E+02  0.00000E+00 -1.76774E+01 -4.29781E+01  4.66478E+01 -1.48957E+00 -1.08156E+02  1.26952E+02  1.01309E+02
 THETA2       -2.88987E+00  1.79218E+00  3.37901E+02 -6.69768E+00 -1.25950E-02 -8.41308E+00 -5.02196E+00  2.21267E+02  0.00000E+00  7.05303E+00  1.75254E+01 -8.76045E+00 -1.50811E+00  7.22118E+01 -3.72462E+01 -1.21794E+01
 THETA3       -5.43803E+02  3.37901E+02  3.22379E+05 -2.81941E+03  9.95078E+00 -6.44597E+02 -9.15306E+02  8.45652E+04  0.00000E+00  3.30671E+03  6.95003E+03  1.06133E+03 -2.11816E+03  5.15655E+04 -2.95555E+04  9.81851E+02
 THETA4        1.09974E+01 -6.69768E+00 -2.81941E+03  4.40533E+01 -7.69343E-02  4.87213E+01  1.25217E+01 -9.55363E+02  0.00000E+00 -4.25808E+01 -1.54519E+02  1.26062E+02 -2.74431E+01 -3.57972E+02  2.59236E+02 -1.11047E+01
 THETA5        2.80560E-03 -1.25950E-02  9.95078E+00 -7.69343E-02  3.69263E-03 -2.27743E-01  3.29224E-02 -3.24221E+00  0.00000E+00  2.46474E-01  5.41231E-01 -1.86799E+00  1.29228E+00  7.36109E-01 -1.66801E+00  1.64917E-01
 THETA6        2.99357E+01 -8.41308E+00 -6.44597E+02  4.87213E+01 -2.27743E-01  3.14186E+02  2.23431E+01 -8.62987E+02  0.00000E+00 -4.93170E+01 -4.65831E+02  1.05332E+03 -7.31839E+02  7.22318E+02 -2.61991E+02  4.14876E+02
 THETA7        1.34118E+01 -5.02196E+00 -9.15306E+02  1.25217E+01  3.29224E-02  2.23431E+01  4.06652E+01 -5.51652E+02  0.00000E+00 -1.77394E+01  6.54236E-01  3.75611E+01  1.68298E+01 -4.20548E+02  3.08238E+02  1.74093E+02
 SIGMA(1,1)   -3.33467E+02  2.21267E+02  8.45652E+04 -9.55363E+02 -3.24221E+00 -8.62987E+02 -5.51652E+02  9.50046E+04  0.00000E+00  3.27753E+03  2.88747E+03 -6.24226E+02  1.56846E+03  1.43181E+04 -3.50753E+03  4.44544E+03
 SIGMA(2,1)    0.00000E+00  0.00000E+00  0.00000E+00  0.00000E+00  0.00000E+00  0.00000E+00  0.00000E+00  0.00000E+00  0.00000E+00  0.00000E+00  0.00000E+00  0.00000E+00  0.00000E+00  0.00000E+00  0.00000E+00  0.00000E+00
 SIGMA(2,2)   -1.76774E+01  7.05303E+00  3.30671E+03 -4.25808E+01  2.46474E-01 -4.93170E+01 -1.77394E+01  3.27753E+03  0.00000E+00  4.16542E+02  1.78102E+02 -2.35887E+02  1.18708E+02  7.00725E+02 -5.72118E+02  3.15421E+02
 OMEGA(1,1)   -4.29781E+01  1.75254E+01  6.95003E+03 -1.54519E+02  5.41231E-01 -4.65831E+02  6.54236E-01  2.88747E+03  0.00000E+00  1.78102E+02  1.73372E+03 -2.80866E+03  1.74967E+03 -2.55150E+02 -2.99636E+01 -1.01361E+02
 OMEGA(2,1)    4.66478E+01 -8.76045E+00  1.06133E+03  1.26062E+02 -1.86799E+00  1.05332E+03  3.75611E+01 -6.24226E+02  0.00000E+00 -2.35887E+02 -2.80866E+03  1.19968E+04 -9.42180E+03  5.64759E+03 -7.19564E+03  1.02230E+02
 OMEGA(2,2)   -1.48957E+00 -1.50811E+00 -2.11816E+03 -2.74431E+01  1.29228E+00 -7.31839E+02  1.68298E+01  1.56846E+03  0.00000E+00  1.18708E+02  1.74967E+03 -9.42180E+03  9.29662E+03 -5.70381E+03  7.47725E+03  1.18024E+03
 OMEGA(3,1)   -1.08156E+02  7.22118E+01  5.15655E+04 -3.57972E+02  7.36109E-01  7.22318E+02 -4.20548E+02  1.43181E+04  0.00000E+00  7.00725E+02 -2.55150E+02  5.64759E+03 -5.70381E+03  1.96458E+04 -1.47106E+04 -1.06688E+02
 OMEGA(3,2)    1.26952E+02 -3.72462E+01 -2.95555E+04  2.59236E+02 -1.66801E+00 -2.61991E+02  3.08238E+02 -3.50753E+03  0.00000E+00 -5.72118E+02 -2.99636E+01 -7.19564E+03  7.47725E+03 -1.47106E+04  2.21522E+04  1.68890E+03
 OMEGA(3,3)    1.01309E+02 -1.21794E+01  9.81851E+02 -1.11047E+01  1.64917E-01  4.14876E+02  1.74093E+02  4.44544E+03  0.00000E+00  3.15421E+02 -1.01361E+02  1.02230E+02  1.18024E+03 -1.06688E+02  1.68890E+03  7.41749E+03
