TABLE NO.     1: First Order Conditional Estimation with Interaction: Problem=1 Subproblem=0 Superproblem1=0 Iteration1=0 Superproblem2=0 Iteration2=0
 NAME         THETA1       THETA2       THETA3       THETA4       THETA5       THETA6       THETA7       SIGMA(1,1)   SIGMA(2,1)   SIGMA(2,2)   OMEGA(1,1)   OMEGA(2,1)   OMEGA(2,2)   OMEGA(3,1)   OMEGA(3,2)   OMEGA(3,3)
 THETA1        9.35942E-01  3.88842E-01  2.15778E-01  1.25698E-01 -7.89896E-02 -3.93743E-01 -5.69215E-01 -1.05426E-01  0.00000E+00  3.30880E-01  1.35706E-01 -6.15468E-03 -1.50146E-01 -2.89578E-01 -2.06570E-01 -2.21295E-01
 THETA2        3.88842E-01  2.17864E+00  5.83828E-01  7.68041E-01  1.01955E-01 -1.03165E-01  9.07987E-02 -2.67020E-01  0.00000E+00  1.30316E-01  5.42282E-02 -3.15940E-01 -3.58504E-01 -4.48134E-01 -3.83636E-01  1.35587E-01
 THETA3        2.15778E-01  5.83828E-01  5.25212E-03  7.89672E-01 -2.44612E-01 -1.75575E-01 -7.77742E-02 -3.63504E-01  0.00000E+00  1.66393E-01  1.25379E-02 -3.88169E-01 -4.74764E-01 -6.41607E-01 -3.91378E-01  3.33146E-01
 THETA4        1.25698E-01  7.68041E-01  7.89672E-01  5.35659E-01  1.49302E-02 -1.73818E-01  8.55629E-02 -2.18391E-01  0.00000E+00  7.01103E-02  1.64252E-01 -3.63511E-01 -4.63865E-01 -4.23502E-01 -3.13102E-01  3.54628E-01
 THETA5       -7.89896E-02  1.01955E-01 -2.44612E-01  1.49302E-02  2.37930E+01  2.87057E-01 -7.48283E-02  3.56453E-01  0.00000E+00 -2.65029E-01  2.35635E-01  2.11482E-01  3.77716E-02 -1.01638E-02  2.34236E-01 -8.92087E-02
 THETA6       -3.93743E-01 -1.03165E-01 -1.75575E-01 -1.73818E-01  2.87057E-01  1.14304E-01  2.06263E-02  1.97162E-01  0.00000E+00 -1.38581E-01  2.95171E-01  8.28686E-02  1.67991E-01 -2.30810E-01 -3.46120E-02 -1.81558E-01
 THETA7       -5.69215E-01  9.07987E-02 -7.77742E-02  8.55629E-02 -7.48283E-02  2.06263E-02  3.38587E-01  6.64585E-02  0.00000E+00 -2.23026E-01 -4.27601E-01 -2.78940E-01  2.54717E-03  3.67821E-01 -6.75639E-02  1.54100E-02
 SIGMA(1,1)   -1.05426E-01 -2.67020E-01 -3.63504E-01 -2.18391E-01  3.56453E-01  1.97162E-01  6.64585E-02  5.38067E-03  0.00000E+00 -5.06240E-01 -8.08038E-02 -5.76536E-02 -1.45181E-02  5.01288E-02 -4.29654E-02 -1.90735E-01
 SIGMA(2,1)    0.00000E+00  0.00000E+00  0.00000E+00  0.00000E+00  0.00000E+00  0.00000E+00  0.00000E+00  0.00000E+00  0.00000E+00  0.00000E+00  0.00000E+00  0.00000E+00  0.00000E+00  0.00000E+00  0.00000E+00  0.00000E+00
 SIGMA(2,2)    3.30880E-01  1.30316E-01  1.66393E-01  7.01103E-02 -2.65029E-01 -1.38581E-01 -2.23026E-01 -5.06240E-01  0.00000E+00  6.76412E-02  9.48437E-02  1.26321E-01  4.32104E-02 -1.23946E-01  4.02131E-02 -1.62848E-01
 OMEGA(1,1)    1.35706E-01  5.42282E-02  1.25379E-02  1.64252E-01  2.35635E-01  2.95171E-01 -4.27601E-01 -8.08038E-02  0.00000E+00  9.48437E-02  4.88382E-02  5.01154E-01  1.71029E-01 -1.41888E-01  2.31793E-01 -7.41300E-02
 OMEGA(2,1)   -6.15468E-03 -3.15940E-01 -3.88169E-01 -3.63511E-01  2.11482E-01  8.28686E-02 -2.78940E-01 -5.76536E-02  0.00000E+00  1.26321E-01  5.01154E-01  3.19111E-02  8.19398E-01  2.10765E-01  3.97139E-01 -3.10356E-01
 OMEGA(2,2)   -1.50146E-01 -3.58504E-01 -4.74764E-01 -4.63865E-01  3.77716E-02  1.67991E-01  2.54717E-03 -1.45181E-02  0.00000E+00  4.32104E-02  1.71029E-01  8.19398E-01  3.13504E-02  3.34063E-01  1.69287E-01 -3.86426E-01
 OMEGA(3,1)   -2.89578E-01 -4.48134E-01 -6.41607E-01 -4.23502E-01 -1.01638E-02 -2.30810E-01  3.67821E-01  5.01288E-02  0.00000E+00 -1.23946E-01 -1.41888E-01  2.10765E-01  3.34063E-01  2.00793E-02  5.95323E-01 -1.49999E-01
 OMEGA(3,2)   -2.06570E-01 -3.83636E-01 -3.91378E-01 -3.13102E-01  2.34236E-01 -3.46120E-02 -6.75639E-02 -4.29654E-02  0.00000E+00  4.02131E-02  2.31793E-01  3.97139E-01  1.69287E-01  5.95323E-01  1.34260E-02 -1.11437E-01
 OMEGA(3,3)   -2.21295E-01  1.35587E-01  3.33146E-01  3.54628E-01 -8.92087E-02 -1.81558E-01  1.54100E-02 -1.90735E-01  0.00000E+00 -1.62848E-01 -7.41300E-02 -3.10356E-01 -3.86426E-01 -1.49999E-01 -1.11437E-01  1.61799E-02
