TABLE NO.     1: First Order Conditional Estimation with Interaction: Problem=1 Subproblem=0 Superproblem1=0 Iteration1=0 Superproblem2=0 Iteration2=0
 NAME         THETA1       THETA2       THETA3       THETA4       THETA5       THETA6       THETA7       SIGMA(1,1)   SIGMA(2,1)   SIGMA(2,2)   OMEGA(1,1)   OMEGA(2,1)   OMEGA(2,2)   OMEGA(3,1)   OMEGA(3,2)   OMEGA(3,3)
 THETA1        8.48710E+00 -2.89425E+00 -5.47686E+02  1.10258E+01  1.13796E-03  2.96942E+01  1.34101E+01 -3.33802E+02  0.00000E+00 -1.77269E+01 -4.31840E+01  4.71389E+01 -1.86510E+00 -1.08645E+02  1.27043E+02  1.01228E+02
 THETA2       -2.89425E+00  1.79225E+00  3.37864E+02 -6.69648E+00 -1.23199E-02 -8.34400E+00 -5.01766E+00  2.21135E+02  0.00000E+00  7.04029E+00  1.75681E+01 -8.92230E+00 -1.34855E+00  7.20631E+01 -3.69815E+01 -1.20646E+01
 THETA3       -5.47686E+02  3.37864E+02  3.22421E+05 -2.81927E+03  1.01392E+01 -6.07458E+02 -9.12534E+02  8.45007E+04  0.00000E+00  3.30042E+03  6.97287E+03  9.78680E+02 -2.03841E+03  5.15069E+04 -2.94468E+04  1.04036E+03
 THETA4        1.10258E+01 -6.69648E+00 -2.81927E+03  4.40561E+01 -7.90094E-02  4.84196E+01  1.24843E+01 -9.54839E+02  0.00000E+00 -4.25248E+01 -1.54757E+02  1.26861E+02 -2.82101E+01 -3.57236E+02  2.58077E+02 -1.17600E+01
 THETA5        1.13796E-03 -1.23199E-02  1.01392E+01 -7.90094E-02  3.73299E-03 -2.26728E-01  3.17421E-02 -3.20968E+00  0.00000E+00  2.52532E-01  5.47457E-01 -1.87355E+00  1.28892E+00  7.81494E-01 -1.71562E+00  1.49413E-01
 THETA6        2.96942E+01 -8.34400E+00 -6.07458E+02  4.84196E+01 -2.26728E-01  3.15051E+02  2.18509E+01 -8.60644E+02  0.00000E+00 -4.88468E+01 -4.65605E+02  1.05380E+03 -7.33195E+02  7.33218E+02 -2.70238E+02  4.13086E+02
 THETA7        1.34101E+01 -5.01766E+00 -9.12534E+02  1.24843E+01  3.17421E-02  2.18509E+01  4.06280E+01 -5.49701E+02  0.00000E+00 -1.76090E+01  5.58661E-01  3.83135E+01  1.59259E+01 -4.19297E+02  3.06143E+02  1.73173E+02
 SIGMA(1,1)   -3.33802E+02  2.21135E+02  8.45007E+04 -9.54839E+02 -3.20968E+00 -8.60644E+02 -5.49701E+02  9.49920E+04  0.00000E+00  3.27682E+03  2.91533E+03 -7.45291E+02  1.69163E+03  1.42147E+04 -3.37635E+03  4.48654E+03
 SIGMA(2,1)    0.00000E+00  0.00000E+00  0.00000E+00  0.00000E+00  0.00000E+00  0.00000E+00  0.00000E+00  0.00000E+00  0.00000E+00  0.00000E+00  0.00000E+00  0.00000E+00  0.00000E+00  0.00000E+00  0.00000E+00  0.00000E+00
 SIGMA(2,2)   -1.77269E+01  7.04029E+00  3.30042E+03 -4.25248E+01  2.52532E-01 -4.88468E+01 -1.76090E+01  3.27682E+03  0.00000E+00  4.16404E+02  1.80386E+02 -2.46902E+02  1.30516E+02  6.91429E+02 -5.58084E+02  3.19468E+02
 OMEGA(1,1)   -4.31840E+01  1.75681E+01  6.97287E+03 -1.54757E+02  5.47457E-01 -4.65605E+02  5.58661E-01  2.91533E+03  0.00000E+00  1.80386E+02  1.73275E+03 -2.79817E+03  1.73835E+03 -2.42668E+02 -4.83755E+01 -1.05062E+02
 OMEGA(2,1)    4.71389E+01 -8.92230E+00  9.78680E+02  1.26861E+02 -1.87355E+00  1.05380E+03  3.83135E+01 -7.45291E+02  0.00000E+00 -2.46902E+02 -2.79817E+03  1.19339E+04 -9.35710E+03  5.58181E+03 -7.09450E+03  1.30939E+02
 OMEGA(2,2)   -1.86510E+00 -1.34855E+00 -2.03841E+03 -2.82101E+01  1.28892E+00 -7.33195E+02  1.59259E+01  1.69163E+03  0.00000E+00  1.30516E+02  1.73835E+03 -9.35710E+03  9.23020E+03 -5.63643E+03  7.37282E+03  1.15048E+03
 OMEGA(3,1)   -1.08645E+02  7.20631E+01  5.15069E+04 -3.57236E+02  7.81494E-01  7.33218E+02 -4.19297E+02  1.42147E+04  0.00000E+00  6.91429E+02 -2.42668E+02  5.58181E+03 -5.63643E+03  1.95843E+04 -1.46093E+04 -7.12305E+01
 OMEGA(3,2)    1.27043E+02 -3.69815E+01 -2.94468E+04  2.58077E+02 -1.71562E+00 -2.70238E+02  3.06143E+02 -3.37635E+03  0.00000E+00 -5.58084E+02 -4.83755E+01 -7.09450E+03  7.37282E+03 -1.46093E+04  2.19896E+04  1.63476E+03
 OMEGA(3,3)    1.01228E+02 -1.20646E+01  1.04036E+03 -1.17600E+01  1.49413E-01  4.13086E+02  1.73173E+02  4.48654E+03  0.00000E+00  3.19468E+02 -1.05062E+02  1.30939E+02  1.15048E+03 -7.12305E+01  1.63476E+03  7.40744E+03
