TABLE NO.     1: First Order Conditional Estimation with Interaction: Problem=1 Subproblem=0 Superproblem1=0 Iteration1=0 Superproblem2=0 Iteration2=0
 NAME         THETA1       THETA2       THETA3       THETA4       THETA5       THETA6       THETA7       SIGMA(1,1)   SIGMA(2,1)   SIGMA(2,2)   OMEGA(1,1)   OMEGA(2,1)   OMEGA(2,2)   OMEGA(3,1)   OMEGA(3,2)   OMEGA(3,3)
 THETA1        8.53490E-01  7.84717E-01  1.02964E-03  6.20155E-02 -1.28857E+00 -3.95226E-02 -1.76224E-01 -4.89162E-04  0.00000E+00  2.04096E-02  6.28811E-03 -1.59957E-04 -4.31064E-03 -5.37918E-03 -2.56445E-03 -3.38999E-03
 THETA2        7.84717E-01  4.74387E+00  6.65868E-03  8.95396E-01  5.58776E+00 -2.45305E-02  6.85297E-02 -3.11007E-03  0.00000E+00  1.89401E-02  5.84996E-03 -2.19085E-02 -2.43988E-02 -1.95676E-02 -1.11920E-02  4.75058E-03
 THETA3        1.02964E-03  6.65868E-03  2.75169E-05  2.21641E-03 -2.98637E-02 -1.02177E-04 -1.32916E-04 -1.02493E-05  0.00000E+00  5.86438E-05  3.24081E-06 -6.49265E-05 -7.78059E-05 -6.74428E-05 -2.74920E-05  2.82116E-05
 THETA4        6.20155E-02  8.95396E-01  2.21641E-03  2.86560E-01  2.41089E-01 -1.04758E-02  1.56063E-02 -6.27671E-04  0.00000E+00  2.50369E-03  4.31368E-03 -6.19519E-03 -7.76509E-03 -4.54515E-03 -2.24113E-03  3.06880E-03
 THETA5       -1.28857E+00  5.58776E+00 -2.98637E-02  2.41089E-01  5.59009E+02  7.35069E-01 -6.84622E-01  4.52242E-02  0.00000E+00 -4.20659E-01  2.73881E-01  1.59962E-01  2.51679E-02 -7.08665E-03  7.40212E-02 -3.34805E-02
 THETA6       -3.95226E-02 -2.45305E-02 -1.02177E-04 -1.04758E-02  7.35069E-01  1.27485E-02  4.15439E-04  1.17741E-04  0.00000E+00 -1.03450E-03  1.63668E-03  2.98890E-04  5.89470E-04 -5.36299E-04 -5.60638E-05 -3.30708E-04
 THETA7       -1.76224E-01  6.85297E-02 -1.32916E-04  1.56063E-02 -6.84622E-01  4.15439E-04  1.13717E-01  1.12541E-04  0.00000E+00 -4.96559E-03 -7.06950E-03 -3.01237E-03  9.96178E-06  2.48351E-03 -3.15228E-04  8.63009E-05
 SIGMA(1,1)   -4.89162E-04 -3.11007E-03 -1.02493E-05 -6.27671E-04  4.52242E-02  1.17741E-04  1.12541E-04  2.89497E-05  0.00000E+00 -1.83712E-04 -2.11308E-05 -9.79151E-06 -2.77469E-06  5.24309E-06 -3.12865E-06 -1.66128E-05
 SIGMA(2,1)    0.00000E+00  0.00000E+00  0.00000E+00  0.00000E+00  0.00000E+00  0.00000E+00  0.00000E+00  0.00000E+00  0.00000E+00  0.00000E+00  0.00000E+00  0.00000E+00  0.00000E+00  0.00000E+00  0.00000E+00  0.00000E+00
 SIGMA(2,2)    2.04096E-02  1.89401E-02  5.86438E-05  2.50369E-03 -4.20659E-01 -1.03450E-03 -4.96559E-03 -1.83712E-04  0.00000E+00  4.56856E-03  3.04559E-04  2.68472E-04  8.99534E-05 -1.64941E-04  3.53209E-05 -1.79603E-04
 OMEGA(1,1)    6.28811E-03  5.84996E-03  3.24081E-06  4.31368E-03  2.73881E-01  1.63668E-03 -7.06950E-03 -2.11308E-05  0.00000E+00  3.04559E-04  2.38574E-03  7.81209E-04  2.62337E-04 -1.39428E-04  1.52594E-04 -5.76038E-05
 OMEGA(2,1)   -1.59957E-04 -2.19085E-02 -6.49265E-05 -6.19519E-03  1.59962E-01  2.98890E-04 -3.01237E-03 -9.79151E-06  0.00000E+00  2.68472E-04  7.81209E-04  1.01780E-03  8.19061E-04  1.34607E-04  1.70018E-04 -1.59683E-04
 OMEGA(2,2)   -4.31064E-03 -2.43988E-02 -7.78059E-05 -7.76509E-03  2.51679E-02  5.89470E-04  9.96178E-06 -2.77469E-06  0.00000E+00  8.99534E-05  2.62337E-04  8.19061E-04  9.81940E-04  2.09523E-04  7.10336E-05 -1.94972E-04
 OMEGA(3,1)   -5.37918E-03 -1.95676E-02 -6.74428E-05 -4.54515E-03 -7.08665E-03 -5.36299E-04  2.48351E-03  5.24309E-06  0.00000E+00 -1.64941E-04 -1.39428E-04  1.34607E-04  2.09523E-04  4.02733E-04  1.60143E-04 -4.85434E-05
 OMEGA(3,2)   -2.56445E-03 -1.11920E-02 -2.74920E-05 -2.24113E-03  7.40212E-02 -5.60638E-05 -3.15228E-04 -3.12865E-06  0.00000E+00  3.53209E-05  1.52594E-04  1.70018E-04  7.10336E-05  1.60143E-04  1.80372E-04 -2.36461E-05
 OMEGA(3,3)   -3.38999E-03  4.75058E-03  2.82116E-05  3.06880E-03 -3.34805E-02 -3.30708E-04  8.63009E-05 -1.66128E-05  0.00000E+00 -1.79603E-04 -5.76038E-05 -1.59683E-04 -1.94972E-04 -4.85434E-05 -2.36461E-05  2.61920E-04
