TABLE NO.     1: First Order Conditional Estimation with Interaction: Problem=1 Subproblem=0 Superproblem1=0 Iteration1=0 Superproblem2=0 Iteration2=0
 NAME         THETA1       THETA2       THETA3       THETA4       THETA5       THETA6       THETA7       SIGMA(1,1)   SIGMA(2,1)   SIGMA(2,2)   OMEGA(1,1)   OMEGA(2,1)   OMEGA(2,2)   OMEGA(3,1)   OMEGA(3,2)   OMEGA(3,3)
 THETA1        9.23845E-01  3.89985E-01  2.12463E-01  1.25399E-01 -5.89928E-02 -3.78894E-01 -5.65657E-01 -9.84082E-02  0.00000E+00  3.26847E-01  1.39351E-01 -5.42714E-03 -1.48902E-01 -2.90140E-01 -2.06686E-01 -2.26733E-01
 THETA2        3.89985E-01  2.17804E+00  5.82804E-01  7.67964E-01  1.08508E-01 -9.97497E-02  9.33040E-02 -2.65388E-01  0.00000E+00  1.28655E-01  5.49889E-02 -3.15292E-01 -3.57487E-01 -4.47674E-01 -3.82610E-01  1.34771E-01
 THETA3        2.12463E-01  5.82804E-01  5.24566E-03  7.89302E-01 -2.40787E-01 -1.72514E-01 -7.51388E-02 -3.63139E-01  0.00000E+00  1.65399E-01  1.26486E-02 -3.87963E-01 -4.73337E-01 -6.40659E-01 -3.90232E-01  3.32310E-01
 THETA4        1.25399E-01  7.67964E-01  7.89302E-01  5.35313E-01  1.90484E-02 -1.73321E-01  8.64527E-02 -2.17922E-01  0.00000E+00  6.91964E-02  1.64979E-01 -3.62756E-01 -4.62909E-01 -4.23089E-01 -3.11727E-01  3.54222E-01
 THETA5       -5.89928E-02  1.08508E-01 -2.40787E-01  1.90484E-02  2.36434E+01  2.75353E-01 -8.58675E-02  3.55499E-01  0.00000E+00 -2.63227E-01  2.37160E-01  2.12068E-01  3.39699E-02 -1.49356E-02  2.33110E-01 -8.74979E-02
 THETA6       -3.78894E-01 -9.97497E-02 -1.72514E-01 -1.73321E-01  2.75353E-01  1.12909E-01  1.09110E-02  1.93811E-01  0.00000E+00 -1.35555E-01  2.96772E-01  8.29757E-02  1.66606E-01 -2.36684E-01 -3.69716E-02 -1.80981E-01
 THETA7       -5.65657E-01  9.33040E-02 -7.51388E-02  8.64527E-02 -8.58675E-02  1.09110E-02  3.37219E-01  6.20264E-02  0.00000E+00 -2.17855E-01 -4.29204E-01 -2.80004E-01  9.42718E-04  3.66983E-01 -6.96028E-02  1.58131E-02
 SIGMA(1,1)   -9.84082E-02 -2.65388E-01 -3.63139E-01 -2.17922E-01  3.55499E-01  1.93811E-01  6.20264E-02  5.38050E-03  0.00000E+00 -5.05155E-01 -8.04046E-02 -5.70421E-02 -1.64570E-02  4.85575E-02 -4.32962E-02 -1.90782E-01
 SIGMA(2,1)    0.00000E+00  0.00000E+00  0.00000E+00  0.00000E+00  0.00000E+00  0.00000E+00  0.00000E+00  0.00000E+00  0.00000E+00  0.00000E+00  0.00000E+00  0.00000E+00  0.00000E+00  0.00000E+00  0.00000E+00  0.00000E+00
 SIGMA(2,2)    3.26847E-01  1.28655E-01  1.65399E-01  6.91964E-02 -2.63227E-01 -1.35555E-01 -2.17855E-01 -5.05155E-01  0.00000E+00  6.75911E-02  9.22508E-02  1.24502E-01  4.24703E-02 -1.21599E-01  3.89097E-02 -1.64187E-01
 OMEGA(1,1)    1.39351E-01  5.49889E-02  1.26486E-02  1.64979E-01  2.37160E-01  2.96772E-01 -4.29204E-01 -8.04046E-02  0.00000E+00  9.22508E-02  4.88441E-02  5.01329E-01  1.71398E-01 -1.42243E-01  2.32616E-01 -7.28710E-02
 OMEGA(2,1)   -5.42714E-03 -3.15292E-01 -3.87963E-01 -3.62756E-01  2.12068E-01  8.29757E-02 -2.80004E-01 -5.70421E-02  0.00000E+00  1.24502E-01  5.01329E-01  3.19031E-02  8.19297E-01  2.10245E-01  3.96806E-01 -3.09272E-01
 OMEGA(2,2)   -1.48902E-01 -3.57487E-01 -4.73337E-01 -4.62909E-01  3.39699E-02  1.66606E-01  9.42718E-04 -1.64570E-02  0.00000E+00  4.24703E-02  1.71398E-01  8.19297E-01  3.13359E-02  3.33181E-01  1.68786E-01 -3.84454E-01
 OMEGA(3,1)   -2.90140E-01 -4.47674E-01 -6.40659E-01 -4.23089E-01 -1.49356E-02 -2.36684E-01  3.66983E-01  4.85575E-02  0.00000E+00 -1.21599E-01 -1.42243E-01  2.10245E-01  3.33181E-01  2.00682E-02  5.94175E-01 -1.49464E-01
 OMEGA(3,2)   -2.06686E-01 -3.82610E-01 -3.90232E-01 -3.11727E-01  2.33110E-01 -3.69716E-02 -6.96028E-02 -4.32962E-02  0.00000E+00  3.89097E-02  2.32616E-01  3.96806E-01  1.68786E-01  5.94175E-01  1.34303E-02 -1.08790E-01
 OMEGA(3,3)   -2.26733E-01  1.34771E-01  3.32310E-01  3.54222E-01 -8.74979E-02 -1.80981E-01  1.58131E-02 -1.90782E-01  0.00000E+00 -1.64187E-01 -7.28710E-02 -3.09272E-01 -3.84454E-01 -1.49464E-01 -1.08790E-01  1.61840E-02
