TABLE NO.     1: First Order Conditional Estimation with Interaction: Problem=1 Subproblem=0 Superproblem1=0 Iteration1=0 Superproblem2=0 Iteration2=0
 NAME         THETA1       THETA2       THETA3       THETA4       THETA5       THETA6       THETA7       SIGMA(1,1)   SIGMA(2,1)   SIGMA(2,2)   OMEGA(1,1)   OMEGA(2,1)   OMEGA(2,2)   OMEGA(3,1)   OMEGA(3,2)   OMEGA(3,3)
 THETA1        8.45698E+00 -2.88865E+00 -5.44397E+02  1.10106E+01  1.95534E-03  2.99411E+01  1.33606E+01 -3.32389E+02  0.00000E+00 -1.76913E+01 -4.31368E+01  4.70169E+01 -1.76276E+00 -1.07964E+02  1.26955E+02  1.01373E+02
 THETA2       -2.88865E+00  1.79203E+00  3.37768E+02 -6.69650E+00 -1.24823E-02 -8.38562E+00 -5.01514E+00  2.20934E+02  0.00000E+00  7.03560E+00  1.75329E+01 -8.78983E+00 -1.47092E+00  7.21815E+01 -3.72158E+01 -1.21665E+01
 THETA3       -5.44397E+02  3.37768E+02  3.22298E+05 -2.81898E+03  1.00375E+01 -6.33380E+02 -9.10779E+02  8.43672E+04  0.00000E+00  3.29791E+03  6.95458E+03  1.04643E+03 -2.10155E+03  5.15441E+04 -2.95416E+04  9.81774E+02
 THETA4        1.10106E+01 -6.69650E+00 -2.81898E+03  4.40580E+01 -7.84048E-02  4.87130E+01  1.24727E+01 -9.53426E+02  0.00000E+00 -4.25300E+01 -1.54623E+02  1.26368E+02 -2.77376E+01 -3.57786E+02  2.59132E+02 -1.10917E+01
 THETA5        1.95534E-03 -1.24823E-02  1.00375E+01 -7.84048E-02  3.72790E-03 -2.31643E-01  3.29054E-02 -3.25060E+00  0.00000E+00  2.51593E-01  5.49551E-01 -1.88497E+00  1.30251E+00  7.45761E-01 -1.68336E+00  1.59184E-01
 THETA6        2.99411E+01 -8.38562E+00 -6.33380E+02  4.87130E+01 -2.31643E-01  3.15717E+02  2.20785E+01 -8.62308E+02  0.00000E+00 -4.95190E+01 -4.67028E+02  1.05690E+03 -7.35106E+02  7.28678E+02 -2.66826E+02  4.14234E+02
 THETA7        1.33606E+01 -5.01514E+00 -9.10779E+02  1.24727E+01  3.29054E-02  2.20785E+01  4.06242E+01 -5.48258E+02  0.00000E+00 -1.75546E+01  8.68169E-01  3.72267E+01  1.69250E+01 -4.19967E+02  3.07687E+02  1.73750E+02
 SIGMA(1,1)   -3.32389E+02  2.20934E+02  8.43672E+04 -9.53426E+02 -3.25060E+00 -8.62308E+02 -5.48258E+02  9.49372E+04  0.00000E+00  3.27082E+03  2.89937E+03 -7.00310E+02  1.65252E+03  1.42075E+04 -3.37451E+03  4.47668E+03
 SIGMA(2,1)    0.00000E+00  0.00000E+00  0.00000E+00  0.00000E+00  0.00000E+00  0.00000E+00  0.00000E+00  0.00000E+00  0.00000E+00  0.00000E+00  0.00000E+00  0.00000E+00  0.00000E+00  0.00000E+00  0.00000E+00  0.00000E+00
 SIGMA(2,2)   -1.76913E+01  7.03560E+00  3.29791E+03 -4.25300E+01  2.51593E-01 -4.95190E+01 -1.75546E+01  3.27082E+03  0.00000E+00  4.16586E+02  1.79516E+02 -2.42751E+02  1.26079E+02  6.92967E+02 -5.65733E+02  3.16388E+02
 OMEGA(1,1)   -4.31368E+01  1.75329E+01  6.95458E+03 -1.54623E+02  5.49551E-01 -4.67028E+02  8.68169E-01  2.89937E+03  0.00000E+00  1.79516E+02  1.73457E+03 -2.81228E+03  1.75346E+03 -2.56474E+02 -2.54270E+01 -9.93858E+01
 OMEGA(2,1)    4.70169E+01 -8.78983E+00  1.04643E+03  1.26368E+02 -1.88497E+00  1.05690E+03  3.72267E+01 -7.00310E+02  0.00000E+00 -2.42751E+02 -2.81228E+03  1.20134E+04 -9.43876E+03  5.65643E+03 -7.22052E+03  9.18831E+01
 OMEGA(2,2)   -1.76276E+00 -1.47092E+00 -2.10155E+03 -2.77376E+01  1.30251E+00 -7.35106E+02  1.69250E+01  1.65252E+03  0.00000E+00  1.26079E+02  1.75346E+03 -9.43876E+03  9.31407E+03 -5.71307E+03  7.50324E+03  1.19119E+03
 OMEGA(3,1)   -1.07964E+02  7.21815E+01  5.15441E+04 -3.57786E+02  7.45761E-01  7.28678E+02 -4.19967E+02  1.42075E+04  0.00000E+00  6.92967E+02 -2.56474E+02  5.65643E+03 -5.71307E+03  1.96501E+04 -1.47286E+04 -1.16332E+02
 OMEGA(3,2)    1.26955E+02 -3.72158E+01 -2.95416E+04  2.59132E+02 -1.68336E+00 -2.66826E+02  3.07687E+02 -3.37451E+03  0.00000E+00 -5.65733E+02 -2.54270E+01 -7.22052E+03  7.50324E+03 -1.47286E+04  2.21951E+04  1.70545E+03
 OMEGA(3,3)    1.01373E+02 -1.21665E+01  9.81774E+02 -1.10917E+01  1.59184E-01  4.14234E+02  1.73750E+02  4.47668E+03  0.00000E+00  3.16388E+02 -9.93858E+01  9.18831E+01  1.19119E+03 -1.16332E+02  1.70545E+03  7.42173E+03
