TABLE NO.     1: First Order Conditional Estimation with Interaction: Problem=1 Subproblem=0 Superproblem1=0 Iteration1=0 Superproblem2=0 Iteration2=0
 NAME         THETA1       THETA2       THETA3       THETA4       THETA5       THETA6       THETA7       SIGMA(1,1)   SIGMA(2,1)   SIGMA(2,2)   OMEGA(1,1)   OMEGA(2,1)   OMEGA(2,2)   OMEGA(3,1)   OMEGA(3,2)   OMEGA(3,3)
 THETA1        9.30994E-01  3.90720E-01  2.17030E-01  1.27555E-01 -7.86557E-02 -3.90402E-01 -5.64317E-01 -1.04376E-01  0.00000E+00  3.31048E-01  1.33887E-01 -9.34365E-03 -1.50602E-01 -2.89488E-01 -2.08155E-01 -2.22478E-01
 THETA2        3.90720E-01  2.17888E+00  5.83712E-01  7.68173E-01  1.02495E-01 -1.03865E-01  9.23037E-02 -2.66456E-01  0.00000E+00  1.30552E-01  5.40150E-02 -3.16245E-01 -3.58350E-01 -4.47573E-01 -3.83387E-01  1.35307E-01
 THETA3        2.17030E-01  5.83712E-01  5.25148E-03  7.89544E-01 -2.43909E-01 -1.76172E-01 -7.82542E-02 -3.63213E-01  0.00000E+00  1.66983E-01  1.26651E-02 -3.88308E-01 -4.74738E-01 -6.41334E-01 -3.91149E-01  3.32869E-01
 THETA4        1.27555E-01  7.68173E-01  7.89544E-01  5.35595E-01  1.59797E-02 -1.74966E-01  8.49281E-02 -2.18074E-01  0.00000E+00  7.06632E-02  1.64799E-01 -3.63243E-01 -4.63848E-01 -4.23443E-01 -3.12947E-01  3.54194E-01
 THETA5       -7.86557E-02  1.02495E-01 -2.43909E-01  1.59797E-02  2.38181E+01  2.86817E-01 -7.57854E-02  3.57039E-01  0.00000E+00 -2.66555E-01  2.36056E-01  2.11640E-01  3.70955E-02 -1.09786E-02  2.33494E-01 -8.90030E-02
 THETA6       -3.90402E-01 -1.03865E-01 -1.76172E-01 -1.74966E-01  2.86817E-01  1.13765E-01  1.58736E-02  1.97607E-01  0.00000E+00 -1.39260E-01  2.96998E-01  8.46391E-02  1.67774E-01 -2.32273E-01 -3.48332E-02 -1.81969E-01
 THETA7       -5.64317E-01  9.23037E-02 -7.82542E-02  8.49281E-02 -7.57854E-02  1.58736E-02  3.36982E-01  6.49482E-02  0.00000E+00 -2.21021E-01 -4.27070E-01 -2.77581E-01  2.76182E-03  3.67698E-01 -6.74596E-02  1.47221E-02
 SIGMA(1,1)   -1.04376E-01 -2.66456E-01 -3.63213E-01 -2.18074E-01  3.57039E-01  1.97607E-01  6.49482E-02  5.38339E-03  0.00000E+00 -5.06379E-01 -8.01938E-02 -5.71839E-02 -1.51195E-02  4.82395E-02 -4.43854E-02 -1.91250E-01
 SIGMA(2,1)    0.00000E+00  0.00000E+00  0.00000E+00  0.00000E+00  0.00000E+00  0.00000E+00  0.00000E+00  0.00000E+00  0.00000E+00  0.00000E+00  0.00000E+00  0.00000E+00  0.00000E+00  0.00000E+00  0.00000E+00  0.00000E+00
 SIGMA(2,2)    3.31048E-01  1.30552E-01  1.66983E-01  7.06632E-02 -2.66555E-01 -1.39260E-01 -2.21021E-01 -5.06379E-01  0.00000E+00  6.76642E-02  9.33319E-02  1.24563E-01  4.28669E-02 -1.22662E-01  4.05691E-02 -1.62353E-01
 OMEGA(1,1)    1.33887E-01  5.40150E-02  1.26651E-02  1.64799E-01  2.36056E-01  2.96998E-01 -4.27070E-01 -8.01938E-02  0.00000E+00  9.33319E-02  4.88250E-02  5.00722E-01  1.70673E-01 -1.41588E-01  2.31459E-01 -7.40167E-02
 OMEGA(2,1)   -9.34365E-03 -3.16245E-01 -3.88308E-01 -3.63243E-01  2.11640E-01  8.46391E-02 -2.77581E-01 -5.71839E-02  0.00000E+00  1.24563E-01  5.00722E-01  3.18969E-02  8.19684E-01  2.11420E-01  3.97270E-01 -3.10095E-01
 OMEGA(2,2)   -1.50602E-01 -3.58350E-01 -4.74738E-01 -4.63848E-01  3.70955E-02  1.67774E-01  2.76182E-03 -1.51195E-02  0.00000E+00  4.28669E-02  1.70673E-01  8.19684E-01  3.13494E-02  3.34313E-01  1.69123E-01 -3.86369E-01
 OMEGA(3,1)   -2.89488E-01 -4.47573E-01 -6.41334E-01 -4.23443E-01 -1.09786E-02 -2.32273E-01  3.67698E-01  4.82395E-02  0.00000E+00 -1.22662E-01 -1.41588E-01  2.11420E-01  3.34313E-01  2.00740E-02  5.95827E-01 -1.49668E-01
 OMEGA(3,2)   -2.08155E-01 -3.83387E-01 -3.91149E-01 -3.12947E-01  2.33494E-01 -3.48332E-02 -6.74596E-02 -4.43854E-02  0.00000E+00  4.05691E-02  2.31459E-01  3.97270E-01  1.69123E-01  5.95827E-01  1.34228E-02 -1.11659E-01
 OMEGA(3,3)   -2.22478E-01  1.35307E-01  3.32869E-01  3.54194E-01 -8.90030E-02 -1.81969E-01  1.47221E-02 -1.91250E-01  0.00000E+00 -1.62353E-01 -7.40167E-02 -3.10095E-01 -3.86369E-01 -1.49668E-01 -1.11659E-01  1.61776E-02
