TABLE NO.     1: First Order Conditional Estimation with Interaction: Problem=1 Subproblem=0 Superproblem1=0 Iteration1=0 Superproblem2=0 Iteration2=0
 NAME         THETA1       THETA2       THETA3       THETA4       THETA5       THETA6       THETA7       SIGMA(1,1)   SIGMA(2,1)   SIGMA(2,2)   OMEGA(1,1)   OMEGA(2,1)   OMEGA(2,2)   OMEGA(3,1)   OMEGA(3,2)   OMEGA(3,3)
 THETA1        9.29352E-01  3.88571E-01  2.12845E-01  1.24607E-01 -6.66010E-02 -3.88565E-01 -5.66801E-01 -1.02053E-01  0.00000E+00  3.29093E-01  1.37736E-01 -4.66879E-03 -1.48346E-01 -2.87795E-01 -2.03938E-01 -2.23857E-01
 THETA2        3.88571E-01  2.17665E+00  5.82734E-01  7.67799E-01  1.06801E-01 -1.02245E-01  9.27730E-02 -2.65333E-01  0.00000E+00  1.27550E-01  5.44193E-02 -3.15317E-01 -3.57622E-01 -4.46853E-01 -3.82107E-01  1.35797E-01
 THETA3        2.12845E-01  5.82734E-01  5.24445E-03  7.89202E-01 -2.41284E-01 -1.74542E-01 -7.55471E-02 -3.62178E-01  0.00000E+00  1.63676E-01  1.25958E-02 -3.87834E-01 -4.73832E-01 -6.40280E-01 -3.89988E-01  3.33196E-01
 THETA4        1.24607E-01  7.67799E-01  7.89202E-01  5.35275E-01  1.83362E-02 -1.73628E-01  8.64139E-02 -2.16894E-01  0.00000E+00  6.74742E-02  1.64499E-01 -3.63001E-01 -4.63432E-01 -4.22590E-01 -3.12089E-01  3.54840E-01
 THETA5       -6.66010E-02  1.06801E-01 -2.41284E-01  1.83362E-02  2.36467E+01  2.82799E-01 -8.38936E-02  3.55823E-01  0.00000E+00 -2.64173E-01  2.37073E-01  2.11220E-01  3.41769E-02 -1.56372E-02  2.31412E-01 -8.84638E-02
 THETA6       -3.88565E-01 -1.02245E-01 -1.74542E-01 -1.73628E-01  2.82799E-01  1.13655E-01  1.66415E-02  1.97374E-01  0.00000E+00 -1.40181E-01  2.95346E-01  8.22954E-02  1.66197E-01 -2.33974E-01 -3.73177E-02 -1.81343E-01
 THETA7       -5.66801E-01  9.27730E-02 -7.55471E-02  8.64139E-02 -8.38936E-02  1.66415E-02  3.37691E-01  6.33062E-02  0.00000E+00 -2.19349E-01 -4.28940E-01 -2.80145E-01  1.77339E-03  3.66605E-01 -6.98805E-02  1.56882E-02
 SIGMA(1,1)   -1.02053E-01 -2.65333E-01 -3.62178E-01 -2.16894E-01  3.55823E-01  1.97374E-01  6.33062E-02  5.38246E-03  0.00000E+00 -5.05443E-01 -8.09323E-02 -5.82509E-02 -1.69460E-02  4.65099E-02 -4.64437E-02 -1.91117E-01
 SIGMA(2,1)    0.00000E+00  0.00000E+00  0.00000E+00  0.00000E+00  0.00000E+00  0.00000E+00  0.00000E+00  0.00000E+00  0.00000E+00  0.00000E+00  0.00000E+00  0.00000E+00  0.00000E+00  0.00000E+00  0.00000E+00  0.00000E+00
 SIGMA(2,2)    3.29093E-01  1.27550E-01  1.63676E-01  6.74742E-02 -2.64173E-01 -1.40181E-01 -2.19349E-01 -5.05443E-01  0.00000E+00  6.75857E-02  9.36243E-02  1.26576E-01  4.41748E-02 -1.18324E-01  4.38896E-02 -1.63518E-01
 OMEGA(1,1)    1.37736E-01  5.44193E-02  1.25958E-02  1.64499E-01  2.37073E-01  2.95346E-01 -4.28940E-01 -8.09323E-02  0.00000E+00  9.36243E-02  4.88444E-02  5.01205E-01  1.70539E-01 -1.42185E-01  2.31677E-01 -7.40073E-02
 OMEGA(2,1)   -4.66879E-03 -3.15317E-01 -3.87834E-01 -3.63001E-01  2.11220E-01  8.22954E-02 -2.80145E-01 -5.82509E-02  0.00000E+00  1.26576E-01  5.01205E-01  3.19026E-02  8.19126E-01  2.10434E-01  3.97133E-01 -3.10024E-01
 OMEGA(2,2)   -1.48346E-01 -3.57622E-01 -4.73832E-01 -4.63432E-01  3.41769E-02  1.66197E-01  1.77339E-03 -1.69460E-02  0.00000E+00  4.41748E-02  1.70539E-01  8.19126E-01  3.13366E-02  3.33795E-01  1.68125E-01 -3.86154E-01
 OMEGA(3,1)   -2.87795E-01 -4.46853E-01 -6.40280E-01 -4.22590E-01 -1.56372E-02 -2.33974E-01  3.66605E-01  4.65099E-02  0.00000E+00 -1.18324E-01 -1.42185E-01  2.10434E-01  3.33795E-01  2.00573E-02  5.94924E-01 -1.50015E-01
 OMEGA(3,2)   -2.03938E-01 -3.82107E-01 -3.89988E-01 -3.12089E-01  2.31412E-01 -3.73177E-02 -6.98805E-02 -4.64437E-02  0.00000E+00  4.38896E-02  2.31677E-01  3.97133E-01  1.68125E-01  5.94924E-01  1.34136E-02 -1.11413E-01
 OMEGA(3,3)   -2.23857E-01  1.35797E-01  3.33196E-01  3.54840E-01 -8.84638E-02 -1.81343E-01  1.56882E-02 -1.91117E-01  0.00000E+00 -1.63518E-01 -7.40073E-02 -3.10024E-01 -3.86154E-01 -1.50015E-01 -1.11413E-01  1.61828E-02
