TABLE NO.     1: First Order Conditional Estimation with Interaction: Problem=1 Subproblem=0 Superproblem1=0 Iteration1=0 Superproblem2=0 Iteration2=0
 NAME         THETA1       THETA2       THETA3       THETA4       THETA5       THETA6       THETA7       SIGMA(1,1)   SIGMA(2,1)   SIGMA(2,2)   OMEGA(1,1)   OMEGA(2,1)   OMEGA(2,2)   OMEGA(3,1)   OMEGA(3,2)   OMEGA(3,3)
 THETA1        8.44828E+00 -2.88831E+00 -5.43822E+02  1.09958E+01  2.78486E-03  2.98853E+01  1.33649E+01 -3.33373E+02  0.00000E+00 -1.77389E+01 -4.29896E+01  4.66087E+01 -1.43872E+00 -1.08158E+02  1.27081E+02  1.01374E+02
 THETA2       -2.88831E+00  1.79183E+00  3.37760E+02 -6.69565E+00 -1.26015E-02 -8.38599E+00 -5.01450E+00  2.21269E+02  0.00000E+00  7.05876E+00  1.75161E+01 -8.71784E+00 -1.54133E+00  7.22475E+01 -3.72871E+01 -1.21922E+01
 THETA3       -5.43822E+02  3.37760E+02  3.22327E+05 -2.81885E+03  9.94152E+00 -6.31943E+02 -9.11346E+02  8.45981E+04  0.00000E+00  3.31034E+03  6.94642E+03  1.08243E+03 -2.13712E+03  5.15848E+04 -2.95860E+04  9.66139E+02
 THETA4        1.09958E+01 -6.69565E+00 -2.81885E+03  4.40496E+01 -7.70207E-02  4.86908E+01  1.24867E+01 -9.55640E+02  0.00000E+00 -4.26185E+01 -1.54514E+02  1.25952E+02 -2.73494E+01 -3.58114E+02  2.59487E+02 -1.09778E+01
 THETA5        2.78486E-03 -1.26015E-02  9.94152E+00 -7.70207E-02  3.68886E-03 -2.27878E-01  3.30911E-02 -3.24030E+00  0.00000E+00  2.47332E-01  5.41112E-01 -1.86786E+00  1.29179E+00  7.34527E-01 -1.66702E+00  1.65624E-01
 THETA6        2.98853E+01 -8.38599E+00 -6.31943E+02  4.86908E+01 -2.27878E-01  3.15575E+02  2.21472E+01 -8.61216E+02  0.00000E+00 -4.89868E+01 -4.66915E+02  1.05672E+03 -7.35021E+02  7.28938E+02 -2.67327E+02  4.13945E+02
 THETA7        1.33649E+01 -5.01450E+00 -9.11346E+02  1.24867E+01  3.30911E-02  2.21472E+01  4.06127E+01 -5.49900E+02  0.00000E+00 -1.77248E+01  8.04614E-01  3.71881E+01  1.70383E+01 -4.20201E+02  3.08104E+02  1.73919E+02
 SIGMA(1,1)   -3.33373E+02  2.21269E+02  8.45981E+04 -9.55640E+02 -3.24030E+00 -8.61216E+02 -5.49900E+02  9.50423E+04  0.00000E+00  3.27809E+03  2.89714E+03 -6.65295E+02  1.61239E+03  1.43054E+04 -3.44519E+03  4.46624E+03
 SIGMA(2,1)    0.00000E+00  0.00000E+00  0.00000E+00  0.00000E+00  0.00000E+00  0.00000E+00  0.00000E+00  0.00000E+00  0.00000E+00  0.00000E+00  0.00000E+00  0.00000E+00  0.00000E+00  0.00000E+00  0.00000E+00  0.00000E+00
 SIGMA(2,2)   -1.77389E+01  7.05876E+00  3.31034E+03 -4.26185E+01  2.47332E-01 -4.89868E+01 -1.77248E+01  3.27809E+03  0.00000E+00  4.16601E+02  1.78046E+02 -2.34429E+02  1.17534E+02  7.02231E+02 -5.74617E+02  3.14610E+02
 OMEGA(1,1)   -4.29896E+01  1.75161E+01  6.94642E+03 -1.54514E+02  5.41112E-01 -4.66915E+02  8.04614E-01  2.89714E+03  0.00000E+00  1.78046E+02  1.73450E+03 -2.81352E+03  1.75488E+03 -2.59910E+02 -2.16239E+01 -9.89726E+01
 OMEGA(2,1)    4.66087E+01 -8.71784E+00  1.08243E+03  1.25952E+02 -1.86786E+00  1.05672E+03  3.71881E+01 -6.65295E+02  0.00000E+00 -2.34429E+02 -2.81352E+03  1.20249E+04 -9.45072E+03  5.67799E+03 -7.24423E+03  8.72568E+01
 OMEGA(2,2)   -1.43872E+00 -1.54133E+00 -2.13712E+03 -2.73494E+01  1.29179E+00 -7.35021E+02  1.70383E+01  1.61239E+03  0.00000E+00  1.17534E+02  1.75488E+03 -9.45072E+03  9.32639E+03 -5.73473E+03  7.52761E+03  1.19617E+03
 OMEGA(3,1)   -1.08158E+02  7.22475E+01  5.15848E+04 -3.58114E+02  7.34527E-01  7.28938E+02 -4.20201E+02  1.43054E+04  0.00000E+00  7.02231E+02 -2.59910E+02  5.67799E+03 -5.73473E+03  1.96795E+04 -1.47614E+04 -1.23749E+02
 OMEGA(3,2)    1.27081E+02 -3.72871E+01 -2.95860E+04  2.59487E+02 -1.66702E+00 -2.67327E+02  3.08104E+02 -3.44519E+03  0.00000E+00 -5.74617E+02 -2.16239E+01 -7.24423E+03  7.52761E+03 -1.47614E+04  2.22350E+04  1.71674E+03
 OMEGA(3,3)    1.01374E+02 -1.21922E+01  9.66139E+02 -1.09778E+01  1.65624E-01  4.13945E+02  1.73919E+02  4.46624E+03  0.00000E+00  3.14610E+02 -9.89726E+01  8.72568E+01  1.19617E+03 -1.23749E+02  1.71674E+03  7.42428E+03
