TABLE NO.     1: First Order Conditional Estimation with Interaction: Problem=1 Subproblem=0 Superproblem1=0 Iteration1=0 Superproblem2=0 Iteration2=0
 NAME         THETA1       THETA2       THETA3       THETA4       THETA5       THETA6       THETA7       SIGMA(1,1)   SIGMA(2,1)   SIGMA(2,2)   OMEGA(1,1)   OMEGA(2,1)   OMEGA(2,2)   OMEGA(3,1)   OMEGA(3,2)   OMEGA(3,3)
 THETA1        8.66750E-01  7.92586E-01  1.06108E-03  6.36035E-02 -1.74415E+00 -4.13495E-02 -1.77042E-01 -5.23120E-04  0.00000E+00  2.08544E-02  6.08593E-03 -2.77468E-04 -4.39549E-03 -5.41017E-03 -2.60122E-03 -3.35079E-03
 THETA2        7.92586E-01  4.74754E+00  6.67905E-03  8.96458E-01  5.31914E+00 -2.57462E-02  6.77735E-02 -3.12547E-03  0.00000E+00  1.92476E-02  5.74633E-03 -2.19789E-02 -2.44777E-02 -1.95764E-02 -1.12128E-02  4.76944E-03
 THETA3        1.06108E-03  6.67905E-03  2.75781E-05  2.22073E-03 -3.05082E-02 -1.05252E-04 -1.38483E-04 -1.02683E-05  0.00000E+00  5.93354E-05  3.24737E-06 -6.50440E-05 -7.81564E-05 -6.76082E-05 -2.75720E-05  2.82793E-05
 THETA4        6.36035E-02  8.96458E-01  2.22073E-03  2.86862E-01  2.03851E-01 -1.06611E-02  1.53283E-02 -6.28775E-04  0.00000E+00  2.56088E-03  4.30955E-03 -6.20559E-03 -7.78827E-03 -4.55266E-03 -2.24984E-03  3.06896E-03
 THETA5       -1.74415E+00  5.31914E+00 -3.05082E-02  2.03851E-01  5.67300E+02  7.77181E-01 -6.08273E-01  4.57802E-02  0.00000E+00 -4.29587E-01  2.74514E-01  1.60787E-01  2.76985E-02 -5.24911E-03  7.46492E-02 -3.42945E-02
 THETA6       -4.13495E-02 -2.57462E-02 -1.05252E-04 -1.06611E-02  7.77181E-01  1.29426E-02  6.08546E-04  1.21023E-04  0.00000E+00 -1.07200E-03  1.64971E-03  3.07136E-04  5.98364E-04 -5.30448E-04 -5.31921E-05 -3.34905E-04
 THETA7       -1.77042E-01  6.77735E-02 -1.38483E-04  1.53283E-02 -6.08273E-01  6.08546E-04  1.13557E-01  1.17823E-04  0.00000E+00 -5.03963E-03 -7.02665E-03 -2.98363E-03  2.91764E-05  2.48732E-03 -3.05137E-04  8.02584E-05
 SIGMA(1,1)   -5.23120E-04 -3.12547E-03 -1.02683E-05 -6.28775E-04  4.57802E-02  1.21023E-04  1.17823E-04  2.89808E-05  0.00000E+00 -1.84455E-04 -2.10784E-05 -9.81925E-06 -2.55166E-06  5.21305E-06 -3.20730E-06 -1.66560E-05
 SIGMA(2,1)    0.00000E+00  0.00000E+00  0.00000E+00  0.00000E+00  0.00000E+00  0.00000E+00  0.00000E+00  0.00000E+00  0.00000E+00  0.00000E+00  0.00000E+00  0.00000E+00  0.00000E+00  0.00000E+00  0.00000E+00  0.00000E+00
 SIGMA(2,2)    2.08544E-02  1.92476E-02  5.93354E-05  2.56088E-03 -4.29587E-01 -1.07200E-03 -5.03963E-03 -1.84455E-04  0.00000E+00  4.57844E-03  3.08341E-04  2.68841E-04  9.09305E-05 -1.66611E-04  3.68466E-05 -1.77718E-04
 OMEGA(1,1)    6.08593E-03  5.74633E-03  3.24737E-06  4.30955E-03  2.74514E-01  1.64971E-03 -7.02665E-03 -2.10784E-05  0.00000E+00  3.08341E-04  2.38388E-03  7.79808E-04  2.61237E-04 -1.38772E-04  1.51691E-04 -5.84635E-05
 OMEGA(2,1)   -2.77468E-04 -2.19789E-02 -6.50440E-05 -6.20559E-03  1.60787E-01  3.07136E-04 -2.98363E-03 -9.81925E-06  0.00000E+00  2.68841E-04  7.79808E-04  1.01741E-03  8.19642E-04  1.35372E-04  1.70090E-04 -1.60014E-04
 OMEGA(2,2)   -4.39549E-03 -2.44777E-02 -7.81564E-05 -7.78827E-03  2.76985E-02  5.98364E-04  2.91764E-05 -2.55166E-06  0.00000E+00  9.09305E-05  2.61237E-04  8.19642E-04  9.82784E-04  2.10385E-04  7.11664E-05 -1.95949E-04
 OMEGA(3,1)   -5.41017E-03 -1.95764E-02 -6.76082E-05 -4.55266E-03 -5.24911E-03 -5.30448E-04  2.48732E-03  5.21305E-06  0.00000E+00 -1.66611E-04 -1.38772E-04  1.35372E-04  2.10385E-04  4.02964E-04  1.60545E-04 -4.86044E-05
 OMEGA(3,2)   -2.60122E-03 -1.12128E-02 -2.75720E-05 -2.24984E-03  7.46492E-02 -5.31921E-05 -3.05137E-04 -3.20730E-06  0.00000E+00  3.68466E-05  1.51691E-04  1.70090E-04  7.11664E-05  1.60545E-04  1.80172E-04 -2.42467E-05
 OMEGA(3,3)   -3.35079E-03  4.76944E-03  2.82793E-05  3.06896E-03 -3.42945E-02 -3.34905E-04  8.02584E-05 -1.66560E-05  0.00000E+00 -1.77718E-04 -5.84635E-05 -1.60014E-04 -1.95949E-04 -4.86044E-05 -2.42467E-05  2.61713E-04
