TABLE NO.     1: First Order Conditional Estimation with Interaction: Problem=1 Subproblem=0 Superproblem1=0 Iteration1=0 Superproblem2=0 Iteration2=0
 NAME         THETA1       THETA2       THETA3       THETA4       THETA5       THETA6       THETA7       SIGMA(1,1)   SIGMA(2,1)   SIGMA(2,2)   OMEGA(1,1)   OMEGA(2,1)   OMEGA(2,2)   OMEGA(3,1)   OMEGA(3,2)   OMEGA(3,3)
 THETA1        9.29011E-01  3.88951E-01  2.13873E-01  1.25019E-01 -7.28420E-02 -3.89976E-01 -5.63706E-01 -1.03058E-01  0.00000E+00  3.28979E-01  1.34667E-01 -7.58825E-03 -1.49394E-01 -2.87308E-01 -2.06158E-01 -2.23600E-01
 THETA2        3.88951E-01  2.17800E+00  5.83232E-01  7.68074E-01  1.04783E-01 -1.02875E-01  9.44583E-02 -2.66019E-01  0.00000E+00  1.28395E-01  5.37266E-02 -3.16288E-01 -3.58178E-01 -4.47088E-01 -3.82873E-01  1.35655E-01
 THETA3        2.13873E-01  5.83232E-01  5.24781E-03  7.89332E-01 -2.42241E-01 -1.74874E-01 -7.57573E-02 -3.63409E-01  0.00000E+00  1.65411E-01  1.24986E-02 -3.88210E-01 -4.74179E-01 -6.40922E-01 -3.90538E-01  3.33057E-01
 THETA4        1.25019E-01  7.68074E-01  7.89332E-01  5.35519E-01  1.76790E-02 -1.73713E-01  8.71072E-02 -2.17881E-01  0.00000E+00  6.88179E-02  1.64545E-01 -3.63259E-01 -4.63534E-01 -4.22960E-01 -3.12337E-01  3.54557E-01
 THETA5       -7.28420E-02  1.04783E-01 -2.42241E-01  1.76790E-02  2.37174E+01  2.85415E-01 -7.94391E-02  3.58082E-01  0.00000E+00 -2.66884E-01  2.36291E-01  2.10700E-01  3.52689E-02 -1.35612E-02  2.32189E-01 -8.85823E-02
 THETA6       -3.89976E-01 -1.02875E-01 -1.74874E-01 -1.73713E-01  2.85415E-01  1.13730E-01  1.56365E-02  1.97422E-01  0.00000E+00 -1.39372E-01  2.96602E-01  8.37015E-02  1.67129E-01 -2.33540E-01 -3.56539E-02 -1.81408E-01
 THETA7       -5.63706E-01  9.44583E-02 -7.57573E-02  8.71072E-02 -7.94391E-02  1.56365E-02  3.36780E-01  6.39885E-02  0.00000E+00 -2.19477E-01 -4.27539E-01 -2.78987E-01  1.58249E-03  3.66121E-01 -6.93003E-02  1.51857E-02
 SIGMA(1,1)   -1.03058E-01 -2.66019E-01 -3.63409E-01 -2.17881E-01  3.58082E-01  1.97422E-01  6.39885E-02  5.38406E-03  0.00000E+00 -5.06174E-01 -7.99920E-02 -5.70168E-02 -1.50815E-02  4.85749E-02 -4.39870E-02 -1.91321E-01
 SIGMA(2,1)    0.00000E+00  0.00000E+00  0.00000E+00  0.00000E+00  0.00000E+00  0.00000E+00  0.00000E+00  0.00000E+00  0.00000E+00  0.00000E+00  0.00000E+00  0.00000E+00  0.00000E+00  0.00000E+00  0.00000E+00  0.00000E+00
 SIGMA(2,2)    3.28979E-01  1.28395E-01  1.65411E-01  6.88179E-02 -2.66884E-01 -1.39372E-01 -2.19477E-01 -5.06174E-01  0.00000E+00  6.76156E-02  9.25423E-02  1.24875E-01  4.26118E-02 -1.20513E-01  4.14682E-02 -1.62695E-01
 OMEGA(1,1)    1.34667E-01  5.37266E-02  1.24986E-02  1.64545E-01  2.36291E-01  2.96602E-01 -4.27539E-01 -7.99920E-02  0.00000E+00  9.25423E-02  4.88221E-02  5.00754E-01  1.70726E-01 -1.41671E-01  2.31666E-01 -7.38244E-02
 OMEGA(2,1)   -7.58825E-03 -3.16288E-01 -3.88210E-01 -3.63259E-01  2.10700E-01  8.37015E-02 -2.78987E-01 -5.70168E-02  0.00000E+00  1.24875E-01  5.00754E-01  3.18929E-02  8.19480E-01  2.11108E-01  3.97025E-01 -3.09922E-01
 OMEGA(2,2)   -1.49394E-01 -3.58178E-01 -4.74179E-01 -4.63534E-01  3.52689E-02  1.67129E-01  1.58249E-03 -1.50815E-02  0.00000E+00  4.26118E-02  1.70726E-01  8.19480E-01  3.13355E-02  3.33716E-01  1.68320E-01 -3.85995E-01
 OMEGA(3,1)   -2.87308E-01 -4.47088E-01 -6.40922E-01 -4.22960E-01 -1.35612E-02 -2.33540E-01  3.66121E-01  4.85749E-02  0.00000E+00 -1.20513E-01 -1.41671E-01  2.11108E-01  3.33716E-01  2.00601E-02  5.95181E-01 -1.49992E-01
 OMEGA(3,2)   -2.06158E-01 -3.82873E-01 -3.90538E-01 -3.12337E-01  2.32189E-01 -3.56539E-02 -6.93003E-02 -4.39870E-02  0.00000E+00  4.14682E-02  2.31666E-01  3.97025E-01  1.68320E-01  5.95181E-01  1.34183E-02 -1.11252E-01
 OMEGA(3,3)   -2.23600E-01  1.35655E-01  3.33057E-01  3.54557E-01 -8.85823E-02 -1.81408E-01  1.51857E-02 -1.91321E-01  0.00000E+00 -1.62695E-01 -7.38244E-02 -3.09922E-01 -3.85995E-01 -1.49992E-01 -1.11252E-01  1.61801E-02
