TABLE NO.     1: First Order Conditional Estimation with Interaction: Problem=1 Subproblem=0 Superproblem1=0 Iteration1=0 Superproblem2=0 Iteration2=0
 NAME         THETA1       THETA2       THETA3       THETA4       THETA5       THETA6       THETA7       SIGMA(1,1)   SIGMA(2,1)   SIGMA(2,2)   OMEGA(1,1)   OMEGA(2,1)   OMEGA(2,2)   OMEGA(3,1)   OMEGA(3,2)   OMEGA(3,3)
 THETA1        8.63062E-01  7.86997E-01  1.04269E-03  6.21976E-02 -1.60498E+00 -4.12036E-02 -1.76368E-01 -5.15482E-04  0.00000E+00  2.06651E-02  6.10800E-03 -2.24831E-04 -4.34901E-03 -5.35430E-03 -2.56992E-03 -3.36104E-03
 THETA2        7.86997E-01  4.74366E+00  6.66617E-03  8.95849E-01  5.41271E+00 -2.54826E-02  6.92856E-02 -3.11947E-03  0.00000E+00  1.89083E-02  5.71298E-03 -2.19701E-02 -2.44451E-02 -1.95337E-02 -1.11895E-02  4.78052E-03
 THETA3        1.04269E-03  6.66617E-03  2.75396E-05  2.21826E-03 -3.01505E-02 -1.04371E-04 -1.33890E-04 -1.02680E-05  0.00000E+00  5.86937E-05  3.20226E-06 -6.49738E-05 -7.79752E-05 -6.74709E-05 -2.75005E-05  2.82800E-05
 THETA4        6.21976E-02  8.95849E-01  2.21826E-03  2.86781E-01  2.24543E-01 -1.05799E-02  1.57100E-02 -6.28210E-04  0.00000E+00  2.49186E-03  4.30205E-03 -6.20420E-03 -7.77846E-03 -4.54368E-03 -2.24439E-03  3.07215E-03
 THETA5       -1.60498E+00  5.41271E+00 -3.01505E-02  2.24543E-01  5.62516E+02  7.69874E-01 -6.34524E-01  4.57257E-02  0.00000E+00 -4.27994E-01  2.73609E-01  1.59377E-01  2.62118E-02 -6.45207E-03  7.38937E-02 -3.39935E-02
 THETA6       -4.12036E-02 -2.54826E-02 -1.04371E-04 -1.05799E-02  7.69874E-01  1.29346E-02  5.98909E-04  1.20888E-04  0.00000E+00 -1.07177E-03  1.64690E-03  3.03601E-04  5.95614E-04 -5.32807E-04 -5.44104E-05 -3.33821E-04
 THETA7       -1.76368E-01  6.92856E-02 -1.33890E-04  1.57100E-02 -6.34524E-01  5.98909E-04  1.13421E-01  1.16027E-04  0.00000E+00 -4.99785E-03 -7.02971E-03 -2.99657E-03  1.67003E-05  2.47345E-03 -3.13170E-04  8.27491E-05
 SIGMA(1,1)   -5.15482E-04 -3.11947E-03 -1.02680E-05 -6.28210E-04  4.57257E-02  1.20888E-04  1.16027E-04  2.89881E-05  0.00000E+00 -1.84271E-04 -2.10268E-05 -9.79054E-06 -2.54444E-06  5.24632E-06 -3.17785E-06 -1.66669E-05
 SIGMA(2,1)    0.00000E+00  0.00000E+00  0.00000E+00  0.00000E+00  0.00000E+00  0.00000E+00  0.00000E+00  0.00000E+00  0.00000E+00  0.00000E+00  0.00000E+00  0.00000E+00  0.00000E+00  0.00000E+00  0.00000E+00  0.00000E+00
 SIGMA(2,2)    2.06651E-02  1.89083E-02  5.86937E-05  2.49186E-03 -4.27994E-01 -1.07177E-03 -4.99785E-03 -1.84271E-04  0.00000E+00  4.57187E-03  3.05495E-04  2.69287E-04  9.02846E-05 -1.63461E-04  3.76236E-05 -1.77993E-04
 OMEGA(1,1)    6.10800E-03  5.71298E-03  3.20226E-06  4.30205E-03  2.73609E-01  1.64690E-03 -7.02971E-03 -2.10268E-05  0.00000E+00  3.05495E-04  2.38360E-03  7.79712E-04  2.61187E-04 -1.38749E-04  1.51767E-04 -5.83173E-05
 OMEGA(2,1)   -2.24831E-04 -2.19701E-02 -6.49738E-05 -6.20420E-03  1.59377E-01  3.03601E-04 -2.99657E-03 -9.79054E-06  0.00000E+00  2.69287E-04  7.79712E-04  1.01716E-03  8.18971E-04  1.35061E-04  1.69906E-04 -1.59929E-04
 OMEGA(2,2)   -4.34901E-03 -2.44451E-02 -7.79752E-05 -7.77846E-03  2.62118E-02  5.95614E-04  1.67003E-05 -2.54444E-06  0.00000E+00  9.02846E-05  2.61187E-04  8.18971E-04  9.81912E-04  2.09771E-04  7.07735E-05 -1.95704E-04
 OMEGA(3,1)   -5.35430E-03 -1.95337E-02 -6.74709E-05 -4.54368E-03 -6.45207E-03 -5.32807E-04  2.47345E-03  5.24632E-06  0.00000E+00 -1.63461E-04 -1.38749E-04  1.35061E-04  2.09771E-04  4.02408E-04  1.60207E-04 -4.86836E-05
 OMEGA(3,2)   -2.56992E-03 -1.11895E-02 -2.75005E-05 -2.24439E-03  7.38937E-02 -5.44104E-05 -3.13170E-04 -3.17785E-06  0.00000E+00  3.76236E-05  1.51767E-04  1.69906E-04  7.07735E-05  1.60207E-04  1.80052E-04 -2.41540E-05
 OMEGA(3,3)   -3.36104E-03  4.78052E-03  2.82800E-05  3.07215E-03 -3.39935E-02 -3.33821E-04  8.27491E-05 -1.66669E-05  0.00000E+00 -1.77993E-04 -5.83173E-05 -1.59929E-04 -1.95704E-04 -4.86836E-05 -2.41540E-05  2.61796E-04
