TABLE NO.     1: First Order Conditional Estimation with Interaction: Problem=1 Subproblem=0 Superproblem1=0 Iteration1=0 Superproblem2=0 Iteration2=0
 NAME         THETA1       THETA2       THETA3       THETA4       THETA5       THETA6       THETA7       SIGMA(1,1)   SIGMA(2,1)   SIGMA(2,2)   OMEGA(1,1)   OMEGA(2,1)   OMEGA(2,2)   OMEGA(3,1)   OMEGA(3,2)   OMEGA(3,3)
 THETA1        8.63695E-01  7.86029E-01  1.03739E-03  6.19870E-02 -1.46363E+00 -4.10425E-02 -1.77881E-01 -5.10488E-04  0.00000E+00  2.06706E-02  6.25236E-03 -1.38424E-04 -4.32025E-03 -5.36458E-03 -2.54228E-03 -3.36669E-03
 THETA2        7.86029E-01  4.73780E+00  6.65210E-03  8.94567E-01  5.49710E+00 -2.52943E-02  6.81913E-02 -3.10857E-03  0.00000E+00  1.87640E-02  5.78571E-03 -2.18959E-02 -2.43930E-02 -1.95085E-02 -1.11562E-02  4.78336E-03
 THETA3        1.03739E-03  6.65210E-03  2.75043E-05  2.21546E-03 -2.99225E-02 -1.04037E-04 -1.33794E-04 -1.02236E-05  0.00000E+00  5.80148E-05  3.22656E-06 -6.48892E-05 -7.78711E-05 -6.73507E-05 -2.74345E-05  2.82783E-05
 THETA4        6.19870E-02  8.94567E-01  2.21546E-03  2.86519E-01  2.32089E-01 -1.05630E-02  1.56199E-02 -6.24891E-04  0.00000E+00  2.44101E-03  4.30085E-03 -6.19885E-03 -7.77347E-03 -4.53700E-03 -2.24079E-03  3.07370E-03
 THETA5       -1.46363E+00  5.49710E+00 -2.99225E-02  2.32089E-01  5.59165E+02  7.60042E-01 -6.69912E-01  4.52881E-02  0.00000E+00 -4.22196E-01  2.73822E-01  1.59342E-01  2.53253E-02 -7.41654E-03  7.34009E-02 -3.38523E-02
 THETA6       -4.10425E-02 -2.52943E-02 -1.04037E-04 -1.05630E-02  7.60042E-01  1.29175E-02  6.38705E-04  1.20743E-04  0.00000E+00 -1.07680E-03  1.63960E-03  2.98396E-04  5.91922E-04 -5.33371E-04 -5.68918E-05 -3.33536E-04
 THETA7       -1.77881E-01  6.81913E-02 -1.33794E-04  1.56199E-02 -6.69912E-01  6.38705E-04  1.14035E-01  1.15066E-04  0.00000E+00 -5.00622E-03 -7.07507E-03 -3.01806E-03  1.87661E-05  2.48307E-03 -3.16534E-04  8.57323E-05
 SIGMA(1,1)   -5.10488E-04 -3.10857E-03 -1.02236E-05 -6.24891E-04  4.52881E-02  1.20743E-04  1.15066E-04  2.89709E-05  0.00000E+00 -1.83869E-04 -2.12774E-05 -1.00025E-05 -2.85826E-06  5.02110E-06 -3.35315E-06 -1.66469E-05
 SIGMA(2,1)    0.00000E+00  0.00000E+00  0.00000E+00  0.00000E+00  0.00000E+00  0.00000E+00  0.00000E+00  0.00000E+00  0.00000E+00  0.00000E+00  0.00000E+00  0.00000E+00  0.00000E+00  0.00000E+00  0.00000E+00  0.00000E+00
 SIGMA(2,2)    2.06706E-02  1.87640E-02  5.80148E-05  2.44101E-03 -4.22196E-01 -1.07680E-03 -5.00622E-03 -1.83869E-04  0.00000E+00  4.56783E-03  3.09072E-04  2.72919E-04  9.35582E-05 -1.60399E-04  3.97889E-05 -1.78843E-04
 OMEGA(1,1)    6.25236E-03  5.78571E-03  3.22656E-06  4.30085E-03  2.73822E-01  1.63960E-03 -7.07507E-03 -2.12774E-05  0.00000E+00  3.09072E-04  2.38578E-03  7.81011E-04  2.61031E-04 -1.39297E-04  1.51790E-04 -5.84982E-05
 OMEGA(2,1)   -1.38424E-04 -2.18959E-02 -6.48892E-05 -6.19885E-03  1.59342E-01  2.98396E-04 -3.01806E-03 -1.00025E-05  0.00000E+00  2.72919E-04  7.81011E-04  1.01778E-03  8.18897E-04  1.34653E-04  1.69945E-04 -1.60057E-04
 OMEGA(2,2)   -4.32025E-03 -2.43930E-02 -7.78711E-05 -7.77347E-03  2.53253E-02  5.91922E-04  1.87661E-05 -2.85826E-06  0.00000E+00  9.35582E-05  2.61031E-04  8.18897E-04  9.81984E-04  2.09799E-04  7.06690E-05 -1.95824E-04
 OMEGA(3,1)   -5.36458E-03 -1.95085E-02 -6.73507E-05 -4.53700E-03 -7.41654E-03 -5.33371E-04  2.48307E-03  5.02110E-06  0.00000E+00 -1.60399E-04 -1.39297E-04  1.34653E-04  2.09799E-04  4.02295E-04  1.60059E-04 -4.86924E-05
 OMEGA(3,2)   -2.54228E-03 -1.11562E-02 -2.74345E-05 -2.24079E-03  7.34009E-02 -5.68918E-05 -3.16534E-04 -3.35315E-06  0.00000E+00  3.97889E-05  1.51790E-04  1.69945E-04  7.06690E-05  1.60059E-04  1.79925E-04 -2.41844E-05
 OMEGA(3,3)   -3.36669E-03  4.78336E-03  2.82783E-05  3.07370E-03 -3.38523E-02 -3.33536E-04  8.57323E-05 -1.66469E-05  0.00000E+00 -1.78843E-04 -5.84982E-05 -1.60057E-04 -1.95824E-04 -4.86924E-05 -2.41844E-05  2.61882E-04
