TABLE NO.     1: First Order Conditional Estimation with Interaction: Problem=1 Subproblem=0 Superproblem1=0 Iteration1=0 Superproblem2=0 Iteration2=0
 NAME         THETA1       THETA2       THETA3       THETA4       THETA5       THETA6       THETA7       SIGMA(1,1)   OMEGA(1,1)   OMEGA(2,1)   OMEGA(2,2)   OMEGA(3,1)   OMEGA(3,2)   OMEGA(3,3)
 THETA1        6.88549E+00 -2.10618E+00 -1.43083E+02  4.74620E+00  4.33398E-02  2.76347E+01  1.03648E+01 -2.85980E+02 -2.25410E+01  0.00000E+00 -1.43184E+01  0.00000E+00  0.00000E+00  2.00870E+01
 THETA2       -2.10618E+00  1.47247E+00  2.56636E+01 -3.23401E+00 -4.12272E-02 -9.80705E+00 -3.46545E+00  1.65783E+02  1.07822E+01  0.00000E+00  3.13187E+00  0.00000E+00  0.00000E+00  5.19500E+00
 THETA3       -1.43083E+02  2.56636E+01  1.19989E+05 -8.40043E+02  3.69220E+00 -8.70617E+02 -7.09595E+01  3.55394E+04  1.87109E+03  0.00000E+00  2.67388E+03  0.00000E+00  0.00000E+00  8.76738E+02
 THETA4        4.74620E+00 -3.23401E+00 -8.40043E+02  1.89900E+01  2.64667E-02  3.24871E+01  4.50759E+00 -4.54958E+02 -4.96454E+01  0.00000E+00 -2.14694E+00  0.00000E+00  0.00000E+00 -5.89403E+01
 THETA5        4.33398E-02 -4.12272E-02  3.69220E+00  2.64667E-02  5.59594E-03  2.36041E-01  1.06444E-01 -5.09983E+00 -6.73905E-01  0.00000E+00 -6.99003E-02  0.00000E+00  0.00000E+00 -9.21788E-02
 THETA6        2.76347E+01 -9.80705E+00 -8.70617E+02  3.24871E+01  2.36041E-01  1.83122E+02  4.36932E+01 -1.15098E+03 -1.97261E+02  0.00000E+00 -4.09379E+01  0.00000E+00  0.00000E+00  3.75412E+01
 THETA7        1.03648E+01 -3.46545E+00 -7.09595E+01  4.50759E+00  1.06444E-01  4.36932E+01  2.60623E+01 -3.46063E+02 -2.10027E+01  0.00000E+00 -5.11716E+01  0.00000E+00  0.00000E+00  6.17240E+01
 SIGMA(1,1)   -2.85980E+02  1.65783E+02  3.55394E+04 -4.54958E+02 -5.09983E+00 -1.15098E+03 -3.46063E+02  5.23939E+04  1.90020E+03  0.00000E+00 -2.64861E+02  0.00000E+00  0.00000E+00 -8.76303E+02
 OMEGA(1,1)   -2.25410E+01  1.07822E+01  1.87109E+03 -4.96454E+01 -6.73905E-01 -1.97261E+02 -2.10027E+01  1.90020E+03  8.41063E+02  0.00000E+00 -7.37465E+01  0.00000E+00  0.00000E+00  2.78388E+02
 OMEGA(2,1)    0.00000E+00  0.00000E+00  0.00000E+00  0.00000E+00  0.00000E+00  0.00000E+00  0.00000E+00  0.00000E+00  0.00000E+00  0.00000E+00  0.00000E+00  0.00000E+00  0.00000E+00  0.00000E+00
 OMEGA(2,2)   -1.43184E+01  3.13187E+00  2.67388E+03 -2.14694E+00 -6.99003E-02 -4.09379E+01 -5.11716E+01 -2.64861E+02 -7.37465E+01  0.00000E+00  9.71491E+02  0.00000E+00  0.00000E+00 -1.99134E+02
 OMEGA(3,1)    0.00000E+00  0.00000E+00  0.00000E+00  0.00000E+00  0.00000E+00  0.00000E+00  0.00000E+00  0.00000E+00  0.00000E+00  0.00000E+00  0.00000E+00  0.00000E+00  0.00000E+00  0.00000E+00
 OMEGA(3,2)    0.00000E+00  0.00000E+00  0.00000E+00  0.00000E+00  0.00000E+00  0.00000E+00  0.00000E+00  0.00000E+00  0.00000E+00  0.00000E+00  0.00000E+00  0.00000E+00  0.00000E+00  0.00000E+00
 OMEGA(3,3)    2.00870E+01  5.19500E+00  8.76738E+02 -5.89403E+01 -9.21788E-02  3.75412E+01  6.17240E+01 -8.76303E+02  2.78388E+02  0.00000E+00 -1.99134E+02  0.00000E+00  0.00000E+00  2.02467E+03
