TABLE NO.     1: First Order Conditional Estimation with Interaction: Problem=1 Subproblem=0 Superproblem1=0 Iteration1=0 Superproblem2=0 Iteration2=0
 NAME         THETA1       THETA2       THETA3       THETA4       THETA5       THETA6       THETA7       SIGMA(1,1)   OMEGA(1,1)   OMEGA(2,1)   OMEGA(2,2)   OMEGA(3,1)   OMEGA(3,2)   OMEGA(3,3)
 THETA1        6.69038E-01  3.18720E-01  1.58905E-04  3.75719E-02  2.59715E+00 -5.55856E-02 -1.33741E-01  1.02030E-03 -7.07190E-04  0.00000E+00 -6.46117E-04  0.00000E+00  0.00000E+00 -7.29033E-04
 THETA2        3.18720E-01  4.08418E+00  6.94170E-03  6.92660E-01  9.96862E+00 -2.48295E-02  1.87881E-01 -8.79108E-03  9.36297E-03  0.00000E+00 -1.98732E-02  0.00000E+00  0.00000E+00 -8.34369E-03
 THETA3        1.58905E-04  6.94170E-03  3.02696E-05  1.93254E-03 -6.04366E-03 -1.00494E-04  2.59341E-04 -2.61526E-05 -8.69484E-06  0.00000E+00 -9.83597E-05  0.00000E+00  0.00000E+00 -2.35296E-06
 THETA4        3.75719E-02  6.92660E-01  1.93254E-03  2.61398E-01  1.58175E+00 -2.66724E-02  4.45856E-02 -1.16815E-03  6.89103E-04  0.00000E+00 -4.78282E-03  0.00000E+00  0.00000E+00  2.75930E-03
 THETA5        2.59715E+00  9.96862E+00 -6.04366E-03  1.58175E+00  2.83398E+02 -3.98044E-02 -6.77987E-01  1.53154E-02  2.13660E-01  0.00000E+00  3.21359E-02  0.00000E+00  0.00000E+00  1.20400E-02
 THETA6       -5.55856E-02 -2.48295E-02 -1.00494E-04 -2.66724E-02 -3.98044E-02  2.19867E-02 -1.14661E-02 -9.43146E-05  2.71730E-03  0.00000E+00 -1.45631E-04  0.00000E+00  0.00000E+00 -6.06465E-04
 THETA7       -1.33741E-01  1.87881E-01  2.59341E-04  4.45856E-02 -6.77987E-01 -1.14661E-02  1.31984E-01 -4.97430E-04 -2.02710E-03  0.00000E+00  2.63328E-03  0.00000E+00  0.00000E+00 -1.48910E-03
 SIGMA(1,1)    1.02030E-03 -8.79108E-03 -2.61526E-05 -1.16815E-03  1.53154E-02 -9.43146E-05 -4.97430E-04  5.87015E-05 -3.20242E-05  0.00000E+00  1.07055E-04  0.00000E+00  0.00000E+00  4.77026E-05
 OMEGA(1,1)   -7.07190E-04  9.36297E-03 -8.69484E-06  6.89103E-04  2.13660E-01  2.71730E-03 -2.02710E-03 -3.20242E-05  2.03372E-03  0.00000E+00  1.01213E-04  0.00000E+00  0.00000E+00 -2.55578E-04
 OMEGA(2,1)    0.00000E+00  0.00000E+00  0.00000E+00  0.00000E+00  0.00000E+00  0.00000E+00  0.00000E+00  0.00000E+00  0.00000E+00  0.00000E+00  0.00000E+00  0.00000E+00  0.00000E+00  0.00000E+00
 OMEGA(2,2)   -6.46117E-04 -1.98732E-02 -9.83597E-05 -4.78282E-03  3.21359E-02 -1.45631E-04  2.63328E-03  1.07055E-04  1.01213E-04  0.00000E+00  1.52963E-03  0.00000E+00  0.00000E+00  6.75092E-05
 OMEGA(3,1)    0.00000E+00  0.00000E+00  0.00000E+00  0.00000E+00  0.00000E+00  0.00000E+00  0.00000E+00  0.00000E+00  0.00000E+00  0.00000E+00  0.00000E+00  0.00000E+00  0.00000E+00  0.00000E+00
 OMEGA(3,2)    0.00000E+00  0.00000E+00  0.00000E+00  0.00000E+00  0.00000E+00  0.00000E+00  0.00000E+00  0.00000E+00  0.00000E+00  0.00000E+00  0.00000E+00  0.00000E+00  0.00000E+00  0.00000E+00
 OMEGA(3,3)   -7.29033E-04 -8.34369E-03 -2.35296E-06  2.75930E-03  1.20400E-02 -6.06465E-04 -1.48910E-03  4.77026E-05 -2.55578E-04  0.00000E+00  6.75092E-05  0.00000E+00  0.00000E+00  7.23510E-04
