TABLE NO.     1: First Order Conditional Estimation with Interaction: Problem=1 Subproblem=0 Superproblem1=0 Iteration1=0 Superproblem2=0 Iteration2=0
 NAME         THETA1       THETA2       THETA3       THETA4       THETA5       THETA6       THETA7       SIGMA(1,1)   OMEGA(1,1)   OMEGA(2,1)   OMEGA(2,2)   OMEGA(3,1)   OMEGA(3,2)   OMEGA(3,3)
 THETA1        8.17948E-01  1.92811E-01  3.53109E-02  8.98435E-02  1.88614E-01 -4.58307E-01 -4.50066E-01  1.62809E-01 -1.91719E-02  0.00000E+00 -2.01973E-02  0.00000E+00  0.00000E+00 -3.31360E-02
 THETA2        1.92811E-01  2.02094E+00  6.24324E-01  6.70373E-01  2.93011E-01 -8.28582E-02  2.55900E-01 -5.67761E-01  1.02734E-01  0.00000E+00 -2.51433E-01  0.00000E+00  0.00000E+00 -1.53491E-01
 THETA3        3.53109E-02  6.24324E-01  5.50178E-03  6.87027E-01 -6.52527E-02 -1.23184E-01  1.29750E-01 -6.20423E-01 -3.50440E-02  0.00000E+00 -4.57111E-01  0.00000E+00  0.00000E+00 -1.58997E-02
 THETA4        8.98435E-02  6.70373E-01  6.87027E-01  5.11271E-01  1.83776E-01 -3.51829E-01  2.40039E-01 -2.98211E-01  2.98874E-02  0.00000E+00 -2.39188E-01  0.00000E+00  0.00000E+00  2.00643E-01
 THETA5        1.88614E-01  2.93011E-01 -6.52527E-02  1.83776E-01  1.68344E+01 -1.59460E-02 -1.10857E-01  1.18742E-01  2.81436E-01  0.00000E+00  4.88089E-02  0.00000E+00  0.00000E+00  2.65892E-02
 THETA6       -4.58307E-01 -8.28582E-02 -1.23184E-01 -3.51829E-01 -1.59460E-02  1.48279E-01 -2.12851E-01 -8.30183E-02  4.06362E-01  0.00000E+00 -2.51119E-02  0.00000E+00  0.00000E+00 -1.52056E-01
 THETA7       -4.50066E-01  2.55900E-01  1.29750E-01  2.40039E-01 -1.10857E-01 -2.12851E-01  3.63297E-01 -1.78709E-01 -1.23728E-01  0.00000E+00  1.85329E-01  0.00000E+00  0.00000E+00 -1.52384E-01
 SIGMA(1,1)    1.62809E-01 -5.67761E-01 -6.20423E-01 -2.98211E-01  1.18742E-01 -8.30183E-02 -1.78709E-01  7.66169E-03 -9.26848E-02  0.00000E+00  3.57265E-01  0.00000E+00  0.00000E+00  2.31471E-01
 OMEGA(1,1)   -1.91719E-02  1.02734E-01 -3.50440E-02  2.98874E-02  2.81436E-01  4.06362E-01 -1.23728E-01 -9.26848E-02  4.50967E-02  0.00000E+00  5.73851E-02  0.00000E+00  0.00000E+00 -2.10696E-01
 OMEGA(2,1)    0.00000E+00  0.00000E+00  0.00000E+00  0.00000E+00  0.00000E+00  0.00000E+00  0.00000E+00  0.00000E+00  0.00000E+00  0.00000E+00  0.00000E+00  0.00000E+00  0.00000E+00  0.00000E+00
 OMEGA(2,2)   -2.01973E-02 -2.51433E-01 -4.57111E-01 -2.39188E-01  4.88089E-02 -2.51119E-02  1.85329E-01  3.57265E-01  5.73851E-02  0.00000E+00  3.91104E-02  0.00000E+00  0.00000E+00  6.41724E-02
 OMEGA(3,1)    0.00000E+00  0.00000E+00  0.00000E+00  0.00000E+00  0.00000E+00  0.00000E+00  0.00000E+00  0.00000E+00  0.00000E+00  0.00000E+00  0.00000E+00  0.00000E+00  0.00000E+00  0.00000E+00
 OMEGA(3,2)    0.00000E+00  0.00000E+00  0.00000E+00  0.00000E+00  0.00000E+00  0.00000E+00  0.00000E+00  0.00000E+00  0.00000E+00  0.00000E+00  0.00000E+00  0.00000E+00  0.00000E+00  0.00000E+00
 OMEGA(3,3)   -3.31360E-02 -1.53491E-01 -1.58997E-02  2.00643E-01  2.65892E-02 -1.52056E-01 -1.52384E-01  2.31471E-01 -2.10696E-01  0.00000E+00  6.41724E-02  0.00000E+00  0.00000E+00  2.68981E-02
