TABLE NO.     1: First Order Conditional Estimation with Interaction
 NAME         THETA1       THETA2       THETA3       THETA4       THETA5       THETA6       THETA7       SIGMA(1,1)   OMEGA(1,1)   OMEGA(2,1)   OMEGA(2,2)   OMEGA(3,1)   OMEGA(3,2)   OMEGA(3,3)
 THETA1        6.65158E-01  3.12492E-01  1.65973E-04  2.98910E-02  2.13169E+00 -4.64702E-02 -1.46935E-01  9.41749E-04 -1.56849E-04  0.00000E+00 -9.04248E-04  0.00000E+00  0.00000E+00 -9.34269E-04
 THETA2        3.12492E-01  4.08110E+00  6.94328E-03  6.91667E-01  9.76609E+00 -2.24478E-02  1.86394E-01 -8.82373E-03  9.40159E-03  0.00000E+00 -2.00309E-02  0.00000E+00  0.00000E+00 -8.34612E-03
 THETA3        1.65973E-04  6.94328E-03  3.02940E-05  1.93292E-03 -6.58463E-03 -9.69369E-05  2.53729E-04 -2.62223E-05 -8.61550E-06  0.00000E+00 -9.88614E-05  0.00000E+00  0.00000E+00 -2.33533E-06
 THETA4        2.98910E-02  6.91667E-01  1.93292E-03  2.61052E-01  1.50038E+00 -2.43759E-02  4.36421E-02 -1.18030E-03  6.64550E-04  0.00000E+00 -4.82235E-03  0.00000E+00  0.00000E+00  2.75895E-03
 THETA5        2.13169E+00  9.76609E+00 -6.58463E-03  1.50038E+00  2.83105E+02  5.29177E-02 -6.71658E-01  1.53099E-02  2.17642E-01  0.00000E+00  3.31492E-02  0.00000E+00  0.00000E+00  1.11018E-02
 THETA6       -4.64702E-02 -2.24478E-02 -9.69369E-05 -2.43759E-02  5.29177E-02  1.86049E-02 -9.62842E-03 -7.39197E-05  2.54053E-03  0.00000E+00 -1.02414E-04  0.00000E+00  0.00000E+00 -5.50259E-04
 THETA7       -1.46935E-01  1.86394E-01  2.53729E-04  4.36421E-02 -6.71658E-01 -9.62842E-03  1.34267E-01 -5.11256E-04 -1.94062E-03  0.00000E+00  2.64498E-03  0.00000E+00  0.00000E+00 -1.51001E-03
 SIGMA(1,1)    9.41749E-04 -8.82373E-03 -2.62223E-05 -1.18030E-03  1.53099E-02 -7.39197E-05 -5.11256E-04  5.86618E-05 -3.24057E-05  0.00000E+00  1.07889E-04  0.00000E+00  0.00000E+00  4.76147E-05
 OMEGA(1,1)   -1.56849E-04  9.40159E-03 -8.61550E-06  6.64550E-04  2.17642E-01  2.54053E-03 -1.94062E-03 -3.24057E-05  2.03773E-03  0.00000E+00  1.01367E-04  0.00000E+00  0.00000E+00 -2.57157E-04
 OMEGA(2,1)    0.00000E+00  0.00000E+00  0.00000E+00  0.00000E+00  0.00000E+00  0.00000E+00  0.00000E+00  0.00000E+00  0.00000E+00  0.00000E+00  0.00000E+00  0.00000E+00  0.00000E+00  0.00000E+00
 OMEGA(2,2)   -9.04248E-04 -2.00309E-02 -9.88614E-05 -4.82235E-03  3.31492E-02 -1.02414E-04  2.64498E-03  1.07889E-04  1.01367E-04  0.00000E+00  1.53244E-03  0.00000E+00  0.00000E+00  6.75614E-05
 OMEGA(3,1)    0.00000E+00  0.00000E+00  0.00000E+00  0.00000E+00  0.00000E+00  0.00000E+00  0.00000E+00  0.00000E+00  0.00000E+00  0.00000E+00  0.00000E+00  0.00000E+00  0.00000E+00  0.00000E+00
 OMEGA(3,2)    0.00000E+00  0.00000E+00  0.00000E+00  0.00000E+00  0.00000E+00  0.00000E+00  0.00000E+00  0.00000E+00  0.00000E+00  0.00000E+00  0.00000E+00  0.00000E+00  0.00000E+00  0.00000E+00
 OMEGA(3,3)   -9.34269E-04 -8.34612E-03 -2.33533E-06  2.75895E-03  1.11018E-02 -5.50259E-04 -1.51001E-03  4.76147E-05 -2.57157E-04  0.00000E+00  6.75614E-05  0.00000E+00  0.00000E+00  7.23508E-04
