TABLE NO.     1: First Order Conditional Estimation with Interaction
 NAME         THETA1       THETA2       THETA3       THETA4       THETA5       THETA6       THETA7       SIGMA(1,1)   OMEGA(1,1)   OMEGA(2,1)   OMEGA(2,2)   OMEGA(3,1)   OMEGA(3,2)   OMEGA(3,3)
 THETA1        1.00000E+00  1.89665E-01  3.69740E-02  7.17323E-02  1.55342E-01 -4.17732E-01 -4.91676E-01  1.50763E-01 -4.26037E-03  0.00000E+00 -2.83226E-02  0.00000E+00  0.00000E+00 -4.25881E-02
 THETA2        1.89665E-01  1.00000E+00  6.24450E-01  6.70109E-01  2.87315E-01 -8.14651E-02  2.51802E-01 -5.70277E-01  1.03096E-01  0.00000E+00 -2.53292E-01  0.00000E+00  0.00000E+00 -1.53594E-01
 THETA3        3.69740E-02  6.24450E-01  1.00000E+00  6.87342E-01 -7.11016E-02 -1.29121E-01  1.25808E-01 -6.22034E-01 -3.46760E-02  0.00000E+00 -4.58835E-01  0.00000E+00  0.00000E+00 -1.57742E-02
 THETA4        7.17323E-02  6.70109E-01  6.87342E-01  1.00000E+00  1.74528E-01 -3.49770E-01  2.33109E-01 -3.01615E-01  2.88132E-02  0.00000E+00 -2.41104E-01  0.00000E+00  0.00000E+00  2.00752E-01
 THETA5        1.55342E-01  2.87315E-01 -7.11016E-02  1.74528E-01  1.00000E+00  2.30576E-02 -1.08941E-01  1.18801E-01  2.86547E-01  0.00000E+00  5.03279E-02  0.00000E+00  0.00000E+00  2.45301E-02
 THETA6       -4.17732E-01 -8.14651E-02 -1.29121E-01 -3.49770E-01  2.30576E-02  1.00000E+00 -1.92644E-01 -7.07568E-02  4.12607E-01  0.00000E+00 -1.91803E-02  0.00000E+00  0.00000E+00 -1.49979E-01
 THETA7       -4.91676E-01  2.51802E-01  1.25808E-01  2.33109E-01 -1.08941E-01 -1.92644E-01  1.00000E+00 -1.82170E-01 -1.17323E-01  0.00000E+00  1.84394E-01  0.00000E+00  0.00000E+00 -1.53206E-01
 SIGMA(1,1)    1.50763E-01 -5.70277E-01 -6.22034E-01 -3.01615E-01  1.18801E-01 -7.07568E-02 -1.82170E-01  1.00000E+00 -9.37283E-02  0.00000E+00  3.59840E-01  0.00000E+00  0.00000E+00  2.31122E-01
 OMEGA(1,1)   -4.26037E-03  1.03096E-01 -3.46760E-02  2.88132E-02  2.86547E-01  4.12607E-01 -1.17323E-01 -9.37283E-02  1.00000E+00  0.00000E+00  5.73631E-02  0.00000E+00  0.00000E+00 -2.11789E-01
 OMEGA(2,1)    0.00000E+00  0.00000E+00  0.00000E+00  0.00000E+00  0.00000E+00  0.00000E+00  0.00000E+00  0.00000E+00  0.00000E+00  0.00000E+00  0.00000E+00  0.00000E+00  0.00000E+00  0.00000E+00
 OMEGA(2,2)   -2.83226E-02 -2.53292E-01 -4.58835E-01 -2.41104E-01  5.03279E-02 -1.91803E-02  1.84394E-01  3.59840E-01  5.73631E-02  0.00000E+00  1.00000E+00  0.00000E+00  0.00000E+00  6.41631E-02
 OMEGA(3,1)    0.00000E+00  0.00000E+00  0.00000E+00  0.00000E+00  0.00000E+00  0.00000E+00  0.00000E+00  0.00000E+00  0.00000E+00  0.00000E+00  0.00000E+00  0.00000E+00  0.00000E+00  0.00000E+00
 OMEGA(3,2)    0.00000E+00  0.00000E+00  0.00000E+00  0.00000E+00  0.00000E+00  0.00000E+00  0.00000E+00  0.00000E+00  0.00000E+00  0.00000E+00  0.00000E+00  0.00000E+00  0.00000E+00  0.00000E+00
 OMEGA(3,3)   -4.25881E-02 -1.53594E-01 -1.57742E-02  2.00752E-01  2.45301E-02 -1.49979E-01 -1.53206E-01  2.31122E-01 -2.11789E-01  0.00000E+00  6.41631E-02  0.00000E+00  0.00000E+00  1.00000E+00
