TABLE NO.     1: First Order Conditional Estimation with Interaction
 NAME         THETA1       THETA2       THETA3       THETA4       THETA5       THETA6       THETA7       SIGMA(1,1)   OMEGA(1,1)   OMEGA(2,1)   OMEGA(2,2)   OMEGA(3,1)   OMEGA(3,2)   OMEGA(3,3)
 THETA1        6.79359E+00 -2.09800E+00 -1.41290E+02  4.70571E+00  4.60252E-02  2.75957E+01  1.04015E+01 -2.82031E+02 -2.25866E+01  0.00000E+00 -1.43593E+01  0.00000E+00  0.00000E+00  2.00343E+01
 THETA2       -2.09800E+00  1.47248E+00  2.57765E+01 -3.23170E+00 -4.14929E-02 -9.88629E+00 -3.47034E+00  1.65820E+02  1.07977E+01  0.00000E+00  3.11166E+00  0.00000E+00  0.00000E+00  5.19290E+00
 THETA3       -1.41290E+02  2.57765E+01  1.20030E+05 -8.39884E+02  3.70633E+00 -9.18777E+02 -7.17672E+01  3.55656E+04  1.87629E+03  0.00000E+00  2.66962E+03  0.00000E+00  0.00000E+00  8.76640E+02
 THETA4        4.70571E+00 -3.23170E+00 -8.39884E+02  1.89769E+01  2.57454E-02  3.38314E+01  4.53602E+00 -4.55527E+02 -4.96555E+01  0.00000E+00 -2.10194E+00  0.00000E+00  0.00000E+00 -5.89508E+01
 THETA5        4.60252E-02 -4.14929E-02  3.70633E+00  2.57454E-02  5.58156E-03  2.24575E-01  1.07794E-01 -5.20432E+00 -6.60530E-01  0.00000E+00 -7.32122E-02  0.00000E+00  0.00000E+00 -8.07343E-02
 THETA6        2.75957E+01 -9.88629E+00 -9.18777E+02  3.38314E+01  2.24575E-01  1.96661E+02  4.36119E+01 -1.16082E+03 -2.07168E+02  0.00000E+00 -3.87737E+01  0.00000E+00  0.00000E+00  3.31400E+01
 THETA7        1.04015E+01 -3.47034E+00 -7.17672E+01  4.53602E+00  1.07794E-01  4.36119E+01  2.60620E+01 -3.43566E+02 -2.11800E+01  0.00000E+00 -5.11078E+01  0.00000E+00  0.00000E+00  6.16328E+01
 SIGMA(1,1)   -2.82031E+02  1.65820E+02  3.55656E+04 -4.55527E+02 -5.20432E+00 -1.16082E+03 -3.43566E+02  5.24506E+04  1.92837E+03  0.00000E+00 -2.92410E+02  0.00000E+00  0.00000E+00 -8.58641E+02
 OMEGA(1,1)   -2.25866E+01  1.07977E+01  1.87629E+03 -4.96555E+01 -6.60530E-01 -2.07168E+02 -2.11800E+01  1.92837E+03  8.41445E+02  0.00000E+00 -7.40940E+01  0.00000E+00  0.00000E+00  2.78258E+02
 OMEGA(2,1)    0.00000E+00  0.00000E+00  0.00000E+00  0.00000E+00  0.00000E+00  0.00000E+00  0.00000E+00  0.00000E+00  0.00000E+00  0.00000E+00  0.00000E+00  0.00000E+00  0.00000E+00  0.00000E+00
 OMEGA(2,2)   -1.43593E+01  3.11166E+00  2.66962E+03 -2.10194E+00 -7.32122E-02 -3.87737E+01 -5.11078E+01 -2.92410E+02 -7.40940E+01  0.00000E+00  9.71826E+02  0.00000E+00  0.00000E+00 -1.98887E+02
 OMEGA(3,1)    0.00000E+00  0.00000E+00  0.00000E+00  0.00000E+00  0.00000E+00  0.00000E+00  0.00000E+00  0.00000E+00  0.00000E+00  0.00000E+00  0.00000E+00  0.00000E+00  0.00000E+00  0.00000E+00
 OMEGA(3,2)    0.00000E+00  0.00000E+00  0.00000E+00  0.00000E+00  0.00000E+00  0.00000E+00  0.00000E+00  0.00000E+00  0.00000E+00  0.00000E+00  0.00000E+00  0.00000E+00  0.00000E+00  0.00000E+00
 OMEGA(3,3)    2.00343E+01  5.19290E+00  8.76640E+02 -5.89508E+01 -8.07343E-02  3.31400E+01  6.16328E+01 -8.58641E+02  2.78258E+02  0.00000E+00 -1.98887E+02  0.00000E+00  0.00000E+00  2.02461E+03
